  23Na-87Rb scattering length of Na|1,0> + Rb|1,-1>                               
  05 May 2021 14:19:42    NSTATE = 64   NQN =  5   NNRG =   1   NFIELD =   531
  JSTATE    -1  -1  -1  -1  -1  -1  -1  -1  -1  -1  -1  -1  -1  -1  -1
  JSTATE    -1  -1  -1  -1  -1  -1  -1  -1  -1  -1  -1  -1  -1  -1  -1
  JSTATE    -1  -1   1   1   1   1   1   1   1   1   1   1   1   1   1
  JSTATE     1   1   1   1   1   1   1   1   1   1   1   1   1   1   1
  JSTATE     1   1   1   1  -3  -3  -3  -3  -3  -3  -3  -3  -1  -1  -1
  JSTATE    -1  -1  -1  -1  -1   1   1   1   1   1   1   1   1   3   3
  JSTATE     3   3   3   3   3   3  -3  -3  -3  -3  -3  -3  -3  -3  -1
  JSTATE    -1  -1  -1  -1  -1  -1  -1   1   1   1   1   1   1   1   1
  JSTATE     3   3   3   3   3   3   3   3  -1  -1  -1  -1   1   1   1
  JSTATE     1  -1  -1  -1  -1   1   1   1   1  -1  -1  -1  -1   1   1
  JSTATE     1   1  -1  -1  -1  -1   1   1   1   1  -1  -1  -1  -1   1
  JSTATE     1   1   1  -1  -1  -1  -1   1   1   1   1  -1  -1  -1  -1
  JSTATE     1   1   1   1  -1  -1  -1  -1   1   1   1   1  -3  -1   1
  JSTATE     3  -3  -1   1   3  -3  -1   1   3  -3  -1   1   3  -3  -1
  JSTATE     1   3  -3  -1   1   3  -3  -1   1   3  -3  -1   1   3  -3
  JSTATE    -1   1   3  -3  -1   1   3  -3  -1   1   3  -3  -1   1   3
  JSTATE    -3  -1   1   3  -3  -1   1   3  -3  -1   1   3  -3  -1   1
  JSTATE     3   0   0   0   0   0   0   0   0   0   0   0   0   0   0
  JSTATE     0   0   0   0   0   0   0   0   0   0   0   0   0   0   0
  JSTATE     0   0   0   0   0   0   0   0   0   0   0   0   0   0   0
  JSTATE     0   0   0   0   0   0   0   0   0   0   0   0   0   0   0
  JSTATE     0   0   0   0   0

  JTOT  IBLOCK  NOP   I    ENERGY(I)/CM-1       MAGNETIC Z FIELD (GAUSS )   EIGENPHASE SUM/PI                                                SCATTERING LENGTH
                                                                                                 CHAN   L POW     WVEC*BOHR             RE(A)/BOHR             IM(A)/BOHR
    -2       2    2   1   0.695034800E-09                 1.70000000000       9.99928829272         1   0   1 0.1448803233802E-004   0.8017115009075E+002  -0.9951391102071E-004
    -2       2    1   1   0.695034800E-09                 2.20000000000       9.99963026232         1   0   1 0.1448803305643E-004   0.8017414799582E+002   0.7470394944554E-011
    -2       2    1   1   0.695034800E-09                 2.70000000000       9.99963024924         1   0   1 0.1448803257749E-004   0.8017698684933E+002  -0.5281724973946E-011
    -2       2    1   1   0.695034800E-09                 3.20000000000       9.99963023672         1   0   1 0.1448802946439E-004   0.8017971886141E+002   0.7067899111308E-011
    -2       2    1   1   0.695034800E-09                 3.70000000000       9.99963022365         1   0   1 0.1448803353537E-004   0.8018253000421E+002  -0.3315160482190E-011
    -2       2    1   1   0.695034800E-09                 4.20000000000       9.99963021069         1   0   1 0.1448803473272E-004   0.8018533416661E+002   0.2510282058761E-011
    -2       2    1   1   0.695034800E-09                 4.70000000000       9.99963019797         1   0   1 0.1448803257749E-004   0.8018810389421E+002  -0.2485493561256E-011
    -2       2    1   1   0.695034800E-09                 5.20000000000       9.99963018503         1   0   1 0.1448803401431E-004   0.8019090190181E+002   0.2567416432569E-011
    -2       2    1   1   0.695034800E-09                 5.70000000000       9.99963017218         1   0   1 0.1448803161961E-004   0.8019370212472E+002   0.5192289526411E-011
    -2       2    1   1   0.695034800E-09                 6.20000000000       9.99963015930         1   0   1 0.1448803233802E-004   0.8019649157563E+002  -0.6726276076230E-011
    -2       2    1   1   0.695034800E-09                 6.70000000000       9.99963014641         1   0   1 0.1448803257749E-004   0.8019928457852E+002   0.1013294794055E-010
    -2       2    1   1   0.695034800E-09                 7.20000000000       9.99963013361         1   0   1 0.1448803305643E-004   0.8020205623824E+002  -0.4199184902556E-011
    -2       2    1   1   0.695034800E-09                 7.70000000000       9.99963012072         1   0   1 0.1448803353537E-004   0.8020484929788E+002   0.6307861038457E-011
    -2       2    1   1   0.695034800E-09                 8.20000000000       9.99963010812         1   0   1 0.1448803329590E-004   0.8020758262005E+002   0.4019421679559E-013
    -2       2    1   1   0.695034800E-09                 8.70000000000       9.99963009561         1   0   1 0.1448802898545E-004   0.8021032022692E+002   0.1005528058679E-011
    -2       2    1   1   0.695034800E-09                 9.20000000000       9.99963008228         1   0   1 0.1448803305643E-004   0.8021318810656E+002  -0.5925796939924E-012
    -2       2    1   1   0.695034800E-09                 9.70000000000       9.99963006961         1   0   1 0.1448803161961E-004   0.8021594210323E+002  -0.5448509418029E-011
    -2       2    1   1   0.695034800E-09                 10.2000000000       9.99963005671         1   0   1 0.1448803305643E-004   0.8021873124289E+002  -0.6592538619149E-011
    -2       2    1   1   0.695034800E-09                 10.7000000000       9.99963004396         1   0   1 0.1448803329590E-004   0.8022149488301E+002  -0.2703346093041E-011
    -2       2    1   1   0.695034800E-09                 11.2000000000       9.99963003138         1   0   1 0.1448803233802E-004   0.8022422816067E+002   0.3338239546174E-011
    -2       2    1   1   0.695034800E-09                 11.7000000000       9.99963001839         1   0   1 0.1448803257749E-004   0.8022704446065E+002   0.1891598400514E-011
    -2       2    1   1   0.695034800E-09                 12.2000000000       9.99963000569         1   0   1 0.1448803161961E-004   0.8022980342996E+002   0.8945041281830E-011
    -2       2    1   1   0.695034800E-09                 12.7000000000       9.99962999282         1   0   1 0.1448803377484E-004   0.8023258186796E+002   0.2644603984780E-011
    -2       2    1   1   0.695034800E-09                 13.2000000000       9.99962998015         1   0   1 0.1448803521166E-004   0.8023532189661E+002  -0.7072690380759E-011
    -2       2    1   1   0.695034800E-09                 13.7000000000       9.99962996756         1   0   1 0.1448803066174E-004   0.8023807651989E+002  -0.7793630821521E-011
    -2       2    1   1   0.695034800E-09                 14.2000000000       9.99962995451         1   0   1 0.1448803329590E-004   0.8024089200355E+002  -0.2766765259105E-011
    -2       2    1   1   0.695034800E-09                 14.7000000000       9.99962994191         1   0   1 0.1448803257749E-004   0.8024362730639E+002   0.8039706106430E-011
    -2       2    1   1   0.695034800E-09                 15.2000000000       9.99962992906         1   0   1 0.1448803377484E-004   0.8024640808283E+002   0.3905723073190E-011
    -2       2    1   1   0.695034800E-09                 15.7000000000       9.99962991654         1   0   1 0.1448803066174E-004   0.8024914051785E+002  -0.2329818005940E-011
    -2       2    1   1   0.695034800E-09                 16.2000000000       9.99962990362         1   0   1 0.1448803281696E-004   0.8025192928667E+002  -0.3155319203156E-011
    -2       2    1   1   0.695034800E-09                 16.7000000000       9.99962989055         1   0   1 0.1448803329590E-004   0.8025476073378E+002  -0.8016480758501E-012
    -2       2    1   1   0.695034800E-09                 17.2000000000       9.99962987810         1   0   1 0.1448802994333E-004   0.8025747971542E+002  -0.8483291047387E-011
    -2       2    1   1   0.695034800E-09                 17.7000000000       9.99962986513         1   0   1 0.1448803353537E-004   0.8026027190888E+002   0.2741537861722E-011
    -2       2    1   1   0.695034800E-09                 18.2000000000       9.99962985253         1   0   1 0.1448803329590E-004   0.8026300490390E+002   0.3871463113515E-011
    -2       2    1   1   0.695034800E-09                 18.7000000000       9.99962983980         1   0   1 0.1448803114068E-004   0.8026577714472E+002   0.6924792244381E-011
    -2       2    1   1   0.695034800E-09                 19.2000000000       9.99962982703         1   0   1 0.1448803353537E-004   0.8026853282179E+002  -0.3282668939477E-011
    -2       2    1   1   0.695034800E-09                 19.7000000000       9.99962981433         1   0   1 0.1448803233802E-004   0.8027129427676E+002  -0.3763538236226E-011
    -2       2    1   1   0.695034800E-09                 20.2000000000       9.99962980173         1   0   1 0.1448803281696E-004   0.8027402265443E+002   0.7622285364302E-013
    -2       2    1   1   0.695034800E-09                 20.7000000000       9.99962978885         1   0   1 0.1448803233802E-004   0.8027681860761E+002   0.7016449108521E-012
    -2       2    1   1   0.695034800E-09                 21.2000000000       9.99962977632         1   0   1 0.1448803185908E-004   0.8027953886760E+002   0.2363040163881E-011
    -2       2    1   1   0.695034800E-09                 21.7000000000       9.99962976323         1   0   1 0.1448803449325E-004   0.8028236384363E+002   0.5230290298373E-011
    -2       2    1   1   0.695034800E-09                 22.2000000000       9.99962975076         1   0   1 0.1448803233802E-004   0.8028507978306E+002   0.3493506161901E-011
    -2       2    1   1   0.695034800E-09                 22.7000000000       9.99962973812         1   0   1 0.1448803329590E-004   0.8028781496461E+002   0.6162051140262E-011
    -2       2    1   1   0.695034800E-09                 23.2000000000       9.99962972539         1   0   1 0.1448803353537E-004   0.8029057376230E+002  -0.9213464382387E-011
    -2       2    1   1   0.695034800E-09                 23.7000000000       9.99962971277         1   0   1 0.1448803018280E-004   0.8029332924912E+002  -0.5036204901930E-011
    -2       2    1   1   0.695034800E-09                 24.2000000000       9.99962969982         1   0   1 0.1448803497219E-004   0.8029611060153E+002   0.7552784783599E-011
    -2       2    1   1   0.695034800E-09                 24.7000000000       9.99962968728         1   0   1 0.1448803353537E-004   0.8029883694632E+002  -0.6768589067871E-011
    -2       2    1   1   0.695034800E-09                 25.2000000000       9.99962967472         1   0   1 0.1448803257749E-004   0.8030156654430E+002  -0.8671617690106E-011
    -2       2    1   1   0.695034800E-09                 25.7000000000       9.99962966219         1   0   1 0.1448803281696E-004   0.8030428193896E+002  -0.4041930574581E-012
    -2       2    1   1   0.695034800E-09                 26.2000000000       9.99962964940         1   0   1 0.1448803377484E-004   0.8030705027917E+002   0.5829286680729E-011
    -2       2    1   1   0.695034800E-09                 26.7000000000       9.99962963677         1   0   1 0.1448803353537E-004   0.8030978873000E+002   0.5075535604030E-011
    -2       2    1   1   0.695034800E-09                 27.2000000000       9.99962962440         1   0   1 0.1448802970386E-004   0.8031249412403E+002  -0.6733176090101E-011
    -2       2    1   1   0.695034800E-09                 27.7000000000       9.99962961152         1   0   1 0.1448803281696E-004   0.8031526877291E+002   0.9092765256242E-011
    -2       2    1   1   0.695034800E-09                 28.2000000000       9.99962959893         1   0   1 0.1448803281696E-004   0.8031799883886E+002   0.5080373777962E-011
    -2       2    1   1   0.695034800E-09                 28.7000000000       9.99962958603         1   0   1 0.1448803425378E-004   0.8032078851652E+002   0.4036069126507E-011
    -2       2    1   1   0.695034800E-09                 29.2000000000       9.99962957359         1   0   1 0.1448803329590E-004   0.8032349010980E+002   0.1020440544751E-010
    -2       2    1   1   0.695034800E-09                 29.7000000000       9.99962956108         1   0   1 0.1448803329590E-004   0.8032620409882E+002   0.4631776918420E-011
    -2       2    1   1   0.695034800E-09                 30.2000000000       9.99962954811         1   0   1 0.1448803353537E-004   0.8032901553495E+002   0.1004723858573E-011
    -2       2    1   1   0.695034800E-09                 30.7000000000       9.99962953545         1   0   1 0.1448803449325E-004   0.8033175463416E+002  -0.9234759398339E-011
    -2       2    1   1   0.695034800E-09                 31.2000000000       9.99962952293         1   0   1 0.1448803353537E-004   0.8033447448751E+002   0.3288617683464E-014
    -2       2    1   1   0.695034800E-09                 31.7000000000       9.99962951055         1   0   1 0.1448803281696E-004   0.8033716269778E+002   0.7027513248618E-011
    -2       2    1   1   0.695034800E-09                 32.2000000000       9.99962949783         1   0   1 0.1448803473272E-004   0.8033991193056E+002   0.2109275359619E-011
    -2       2    1   1   0.695034800E-09                 32.7000000000       9.99962948530         1   0   1 0.1448803377484E-004   0.8034263438091E+002  -0.7408860884264E-011
    -2       2    1   1   0.695034800E-09                 33.2000000000       9.99962947255         1   0   1 0.1448803377484E-004   0.8034539703289E+002  -0.6246911887469E-013
    -2       2    1   1   0.695034800E-09                 33.7000000000       9.99962946003         1   0   1 0.1448803209855E-004   0.8034812154300E+002   0.1640114189831E-011
    -2       2    1   1   0.695034800E-09                 34.2000000000       9.99962944746         1   0   1 0.1448803305643E-004   0.8035084249334E+002  -0.5898304095181E-011
    -2       2    1   1   0.695034800E-09                 34.7000000000       9.99962943509         1   0   1 0.1448803114068E-004   0.8035353518331E+002  -0.4822312839474E-011
    -2       2    1   1   0.695034800E-09                 35.2000000000       9.99962942235         1   0   1 0.1448803233802E-004   0.8035629159474E+002  -0.3345284496638E-011
    -2       2    1   1   0.695034800E-09                 35.7000000000       9.99962941004         1   0   1 0.1448803401431E-004   0.8035895056689E+002   0.8889951804925E-011
    -2       2    1   1   0.695034800E-09                 36.2000000000       9.99962939727         1   0   1 0.1448803329590E-004   0.8036172369515E+002   0.1042272581707E-011
    -2       2    1   1   0.695034800E-09                 36.7000000000       9.99962938491         1   0   1 0.1448803305643E-004   0.8036440673111E+002   0.9547807495833E-012
    -2       2    1   1   0.695034800E-09                 37.2000000000       9.99962937227         1   0   1 0.1448803449325E-004   0.8036713803440E+002  -0.7920481698134E-011
    -2       2    1   1   0.695034800E-09                 37.7000000000       9.99962935983         1   0   1 0.1448803090121E-004   0.8036985682876E+002   0.4288065917308E-012
    -2       2    1   1   0.695034800E-09                 38.2000000000       9.99962934753         1   0   1 0.1448802826704E-004   0.8037253727146E+002   0.5804076152065E-011
    -2       2    1   1   0.695034800E-09                 38.7000000000       9.99962933461         1   0   1 0.1448803401431E-004   0.8037530838542E+002   0.3665785470379E-011
    -2       2    1   1   0.695034800E-09                 39.2000000000       9.99962932236         1   0   1 0.1448803329590E-004   0.8037796799291E+002   0.1838848878201E-012
    -2       2    1   1   0.695034800E-09                 39.7000000000       9.99962930990         1   0   1 0.1448803377484E-004   0.8038066757639E+002   0.4291090595008E-011
    -2       2    1   1   0.695034800E-09                 40.2000000000       9.99962929717         1   0   1 0.1448803209855E-004   0.8038343747267E+002   0.6441861885856E-011
    -2       2    1   1   0.695034800E-09                 40.7000000000       9.99962928481         1   0   1 0.1448803305643E-004   0.8038611218043E+002   0.5089333350463E-011
    -2       2    1   1   0.695034800E-09                 41.2000000000       9.99962927237         1   0   1 0.1448803401431E-004   0.8038880421641E+002  -0.7376529997025E-011
    -2       2    1   1   0.695034800E-09                 41.7000000000       9.99962926004         1   0   1 0.1448803401431E-004   0.8039147801556E+002   0.5149580487950E-011
    -2       2    1   1   0.695034800E-09                 42.2000000000       9.99962924726         1   0   1 0.1448803305643E-004   0.8039425493801E+002  -0.6115732887521E-011
    -2       2    1   1   0.695034800E-09                 42.7000000000       9.99962923479         1   0   1 0.1448803449325E-004   0.8039695089548E+002   0.6813664603765E-011
    -2       2    1   1   0.695034800E-09                 43.2000000000       9.99962922258         1   0   1 0.1448803353537E-004   0.8039960227097E+002  -0.8818347929777E-011
    -2       2    1   1   0.695034800E-09                 43.7000000000       9.99962921003         1   0   1 0.1448803257749E-004   0.8040232893128E+002  -0.4097267118602E-011
    -2       2    1   1   0.695034800E-09                 44.2000000000       9.99962919736         1   0   1 0.1448803425378E-004   0.8040506744997E+002   0.7418141848791E-011
    -2       2    1   1   0.695034800E-09                 44.7000000000       9.99962918500         1   0   1 0.1448803305643E-004   0.8040775472844E+002  -0.6161846617007E-012
    -2       2    1   1   0.695034800E-09                 45.2000000000       9.99962917281         1   0   1 0.1448803161961E-004   0.8041040666347E+002  -0.3805705815164E-011
    -2       2    1   1   0.695034800E-09                 45.7000000000       9.99962916042         1   0   1 0.1448803305643E-004   0.8041308557729E+002   0.2327289039169E-011
    -2       2    1   1   0.695034800E-09                 46.2000000000       9.99962914795         1   0   1 0.1448803257749E-004   0.8041579103250E+002   0.5838509908687E-011
    -2       2    1   1   0.695034800E-09                 46.7000000000       9.99962913555         1   0   1 0.1448803209855E-004   0.8041848292382E+002  -0.5931921469247E-011
    -2       2    1   1   0.695034800E-09                 47.2000000000       9.99962912314         1   0   1 0.1448803329590E-004   0.8042116640928E+002   0.2779919730056E-011
    -2       2    1   1   0.695034800E-09                 47.7000000000       9.99962911082         1   0   1 0.1448803377484E-004   0.8042383551164E+002   0.2259265695118E-011
    -2       2    1   1   0.695034800E-09                 48.2000000000       9.99962909831         1   0   1 0.1448803425378E-004   0.8042654646603E+002  -0.7129357382267E-011
    -2       2    1   1   0.695034800E-09                 48.7000000000       9.99962908606         1   0   1 0.1448803401431E-004   0.8042920429845E+002   0.1093428803409E-011
    -2       2    1   1   0.695034800E-09                 49.2000000000       9.99962907370         1   0   1 0.1448803401431E-004   0.8043188272927E+002  -0.8932323815366E-012
    -2       2    1   1   0.695034800E-09                 49.7000000000       9.99962906125         1   0   1 0.1448803353537E-004   0.8043458498286E+002  -0.2991063555465E-011
    -2       2    1   1   0.695034800E-09                 50.2000000000       9.99962904888         1   0   1 0.1448803401431E-004   0.8043726478401E+002  -0.4953023469527E-011
    -2       2    1   1   0.695034800E-09                 50.7000000000       9.99962903659         1   0   1 0.1448803233802E-004   0.8043994047723E+002   0.1361750922909E-011
    -2       2    1   1   0.695034800E-09                 51.2000000000       9.99962902451         1   0   1 0.1448802970386E-004   0.8044257392124E+002  -0.1532715487017E-011
    -2       2    1   1   0.695034800E-09                 51.7000000000       9.99962901193         1   0   1 0.1448803449325E-004   0.8044527554741E+002  -0.4459087578471E-011
    -2       2    1   1   0.695034800E-09                 52.2000000000       9.99962899989         1   0   1 0.1448802946439E-004   0.8044791442712E+002   0.3234159083391E-011
    -2       2    1   1   0.695034800E-09                 52.7000000000       9.99962898750         1   0   1 0.1448803353537E-004   0.8045057710946E+002  -0.6346403637707E-011
    -2       2    1   1   0.695034800E-09                 53.2000000000       9.99962897525         1   0   1 0.1448803401431E-004   0.8045323138172E+002   0.5244248825869E-013
    -2       2    1   1   0.695034800E-09                 53.7000000000       9.99962896280         1   0   1 0.1448803401431E-004   0.8045593237494E+002   0.8785169140954E-011
    -2       2    1   1   0.695034800E-09                 54.2000000000       9.99962895072         1   0   1 0.1448803305643E-004   0.8045855572925E+002   0.7419852543108E-011
    -2       2    1   1   0.695034800E-09                 54.7000000000       9.99962893861         1   0   1 0.1448803209855E-004   0.8046118707866E+002  -0.7130293871947E-011
    -2       2    1   1   0.695034800E-09                 55.2000000000       9.99962892623         1   0   1 0.1448803233802E-004   0.8046387139739E+002   0.4538512019441E-011
    -2       2    1   1   0.695034800E-09                 55.7000000000       9.99962891416         1   0   1 0.1448803114068E-004   0.8046649469666E+002  -0.5855830543704E-011
    -2       2    1   1   0.695034800E-09                 56.2000000000       9.99962890157         1   0   1 0.1448803257749E-004   0.8046921707748E+002   0.3550684207394E-011
    -2       2    1   1   0.695034800E-09                 56.7000000000       9.99962888955         1   0   1 0.1448803018280E-004   0.8047183695436E+002   0.6527059879501E-011
    -2       2    1   1   0.695034800E-09                 57.2000000000       9.99962887715         1   0   1 0.1448803473272E-004   0.8047450016227E+002   0.5811352368373E-012
    -2       2    1   1   0.695034800E-09                 57.7000000000       9.99962886470         1   0   1 0.1448803425378E-004   0.8047720203776E+002  -0.4371245024185E-011
    -2       2    1   1   0.695034800E-09                 58.2000000000       9.99962885272         1   0   1 0.1448803281696E-004   0.8047980804460E+002  -0.1015140788124E-010
    -2       2    1   1   0.695034800E-09                 58.7000000000       9.99962884068         1   0   1 0.1448803066174E-004   0.8048243117624E+002   0.9845874823843E-011
    -2       2    1   1   0.695034800E-09                 59.2000000000       9.99962882857         1   0   1 0.1448803161961E-004   0.8048505033839E+002  -0.2924911570514E-011
    -2       2    1   1   0.695034800E-09                 59.7000000000       9.99962881649         1   0   1 0.1448803209855E-004   0.8048766797225E+002  -0.6209831615179E-011
    -2       2    1   1   0.695034800E-09                 60.2000000000       9.99962880397         1   0   1 0.1448803281696E-004   0.8049037841829E+002  -0.3143085544766E-011
    -2       2    1   1   0.695034800E-09                 60.7000000000       9.99962879209         1   0   1 0.1448803161961E-004   0.8049296207951E+002  -0.4351674887127E-011
    -2       2    1   1   0.695034800E-09                 61.2000000000       9.99962877987         1   0   1 0.1448803401431E-004   0.8049559867134E+002   0.4388199747044E-011
    -2       2    1   1   0.695034800E-09                 61.7000000000       9.99962876765         1   0   1 0.1448803329590E-004   0.8049825123668E+002   0.5202564029076E-011
    -2       2    1   1   0.695034800E-09                 62.2000000000       9.99962875546         1   0   1 0.1448803305643E-004   0.8050089583607E+002   0.3650321901081E-011
    -2       2    1   1   0.695034800E-09                 62.7000000000       9.99962874340         1   0   1 0.1448803401431E-004   0.8050350524186E+002   0.6077876840873E-011
    -2       2    1   1   0.695034800E-09                 63.2000000000       9.99962873125         1   0   1 0.1448803233802E-004   0.8050615030782E+002  -0.9735639210799E-011
    -2       2    1   1   0.695034800E-09                 63.7000000000       9.99962871937         1   0   1 0.1448803377484E-004   0.8050871925698E+002  -0.6010672213072E-011
    -2       2    1   1   0.695034800E-09                 64.2000000000       9.99962870694         1   0   1 0.1448803473272E-004   0.8051140738567E+002   0.1035110600423E-011
    -2       2    1   1   0.695034800E-09                 64.7000000000       9.99962869491         1   0   1 0.1448803377484E-004   0.8051402149331E+002   0.7550081433297E-011
    -2       2    1   1   0.695034800E-09                 65.2000000000       9.99962868314         1   0   1 0.1448803305643E-004   0.8051657760561E+002  -0.2418142586707E-011
    -2       2    1   1   0.695034800E-09                 65.7000000000       9.99962867118         1   0   1 0.1448802994333E-004   0.8051918856688E+002   0.3219513662096E-011
    -2       2    1   1   0.695034800E-09                 66.2000000000       9.99962865867         1   0   1 0.1448803425378E-004   0.8052187788227E+002  -0.4996257745994E-011
    -2       2    1   1   0.695034800E-09                 66.7000000000       9.99962864665         1   0   1 0.1448803281696E-004   0.8052449244713E+002  -0.6473753851499E-012
    -2       2    1   1   0.695034800E-09                 67.2000000000       9.99962863502         1   0   1 0.1448802802757E-004   0.8052704160300E+002   0.2566248206745E-011
    -2       2    1   1   0.695034800E-09                 67.7000000000       9.99962862273         1   0   1 0.1448803377484E-004   0.8052967417982E+002   0.8163591322105E-011
    -2       2    1   1   0.695034800E-09                 68.2000000000       9.99962861081         1   0   1 0.1448803401431E-004   0.8053225727899E+002  -0.1416166424156E-011
    -2       2    1   1   0.695034800E-09                 68.7000000000       9.99962859849         1   0   1 0.1448803353537E-004   0.8053493030778E+002  -0.4001560765082E-011
    -2       2    1   1   0.695034800E-09                 69.2000000000       9.99962858672         1   0   1 0.1448803329590E-004   0.8053748404620E+002  -0.4085442507656E-011
    -2       2    1   1   0.695034800E-09                 69.7000000000       9.99962857468         1   0   1 0.1448803329590E-004   0.8054009655619E+002  -0.1077351170910E-012
    -2       2    1   1   0.695034800E-09                 70.2000000000       9.99962856293         1   0   1 0.1448803018280E-004   0.8054266167869E+002   0.3943389684795E-011
    -2       2    1   1   0.695034800E-09                 70.7000000000       9.99962855093         1   0   1 0.1448803281696E-004   0.8054524719085E+002  -0.4104005063445E-011
    -2       2    1   1   0.695034800E-09                 71.2000000000       9.99962853903         1   0   1 0.1448803257749E-004   0.8054782995569E+002  -0.3403631830946E-011
    -2       2    1   1   0.695034800E-09                 71.7000000000       9.99962852698         1   0   1 0.1448803473272E-004   0.8055043077199E+002   0.1540388395631E-011
    -2       2    1   1   0.695034800E-09                 72.2000000000       9.99962851495         1   0   1 0.1448803401431E-004   0.8055304320232E+002  -0.1061492672739E-011
    -2       2    1   1   0.695034800E-09                 72.7000000000       9.99962850310         1   0   1 0.1448803257749E-004   0.8055562150597E+002  -0.4771579949080E-011
    -2       2    1   1   0.695034800E-09                 73.2000000000       9.99962849131         1   0   1 0.1448803377484E-004   0.8055817040229E+002  -0.3861860222057E-011
    -2       2    1   1   0.695034800E-09                 73.7000000000       9.99962847929         1   0   1 0.1448803305643E-004   0.8056078030906E+002  -0.3517900224649E-011
    -2       2    1   1   0.695034800E-09                 74.2000000000       9.99962846747         1   0   1 0.1448803233802E-004   0.8056334919176E+002   0.7309311499496E-011
    -2       2    1   1   0.695034800E-09                 74.7000000000       9.99962845559         1   0   1 0.1448803329590E-004   0.8056591814086E+002   0.8746232342563E-011
    -2       2    1   1   0.695034800E-09                 75.2000000000       9.99962844376         1   0   1 0.1448803473272E-004   0.8056847586186E+002  -0.5795844710267E-011
    -2       2    1   1   0.695034800E-09                 75.7000000000       9.99962843184         1   0   1 0.1448803377484E-004   0.8057106673323E+002   0.5461283059993E-011
    -2       2    1   1   0.695034800E-09                 76.2000000000       9.99962842017         1   0   1 0.1448803281696E-004   0.8057360192466E+002  -0.5200971048414E-011
    -2       2    1   1   0.695034800E-09                 76.7000000000       9.99962840821         1   0   1 0.1448803401431E-004   0.8057619005585E+002  -0.1906068130247E-011
    -2       2    1   1   0.695034800E-09                 77.2000000000       9.99962839644         1   0   1 0.1448803305643E-004   0.8057874692608E+002  -0.3069113516610E-011
    -2       2    1   1   0.695034800E-09                 77.7000000000       9.99962838451         1   0   1 0.1448803425378E-004   0.8058132595202E+002   0.2274217868092E-011
    -2       2    1   1   0.695034800E-09                 78.2000000000       9.99962837283         1   0   1 0.1448803329590E-004   0.8058386441675E+002   0.2269818578723E-011
    -2       2    1   1   0.695034800E-09                 78.7000000000       9.99962836094         1   0   1 0.1448803257749E-004   0.8058644775671E+002   0.5114049309240E-011
    -2       2    1   1   0.695034800E-09                 79.2000000000       9.99962834915         1   0   1 0.1448803377484E-004   0.8058899701026E+002   0.2297793677653E-011
    -2       2    1   1   0.695034800E-09                 79.7000000000       9.99962833757         1   0   1 0.1448803497219E-004   0.8059150169804E+002  -0.1024484695230E-011
    -2       2    1   1   0.695034800E-09                 80.2000000000       9.99962832564         1   0   1 0.1448803449325E-004   0.8059409015069E+002  -0.8917575897759E-011
    -2       2    1   1   0.695034800E-09                 80.7000000000       9.99962831405         1   0   1 0.1448803209855E-004   0.8059661644152E+002  -0.8791849851201E-011
    -2       2    1   1   0.695034800E-09                 81.2000000000       9.99962830243         1   0   1 0.1448803329590E-004   0.8059913056971E+002  -0.6511901603251E-012
    -2       2    1   1   0.695034800E-09                 81.7000000000       9.99962829068         1   0   1 0.1448803281696E-004   0.8060168095701E+002   0.6031617452132E-011
    -2       2    1   1   0.695034800E-09                 82.2000000000       9.99962827901         1   0   1 0.1448803305643E-004   0.8060421057577E+002  -0.4744276955629E-011
    -2       2    1   1   0.695034800E-09                 82.7000000000       9.99962826741         1   0   1 0.1448803257749E-004   0.8060672766088E+002  -0.1890370649831E-011
    -2       2    1   1   0.695034800E-09                 83.2000000000       9.99962825559         1   0   1 0.1448803425378E-004   0.8060928135094E+002   0.3008968102537E-011
    -2       2    1   1   0.695034800E-09                 83.7000000000       9.99962824398         1   0   1 0.1448803377484E-004   0.8061180313165E+002   0.2615971087289E-011
    -2       2    1   1   0.695034800E-09                 84.2000000000       9.99962823211         1   0   1 0.1448803401431E-004   0.8061437524409E+002  -0.7115326065121E-011
    -2       2    1   1   0.695034800E-09                 84.7000000000       9.99962822067         1   0   1 0.1448803377484E-004   0.8061685596660E+002  -0.2155988485486E-011
    -2       2    1   1   0.695034800E-09                 85.2000000000       9.99962820925         1   0   1 0.1448802970386E-004   0.8061935651830E+002  -0.8275874361437E-011
    -2       2    1   1   0.695034800E-09                 85.7000000000       9.99962819733         1   0   1 0.1448803233802E-004   0.8062192637620E+002  -0.9794088913923E-012
    -2       2    1   1   0.695034800E-09                 86.2000000000       9.99962818574         1   0   1 0.1448803329590E-004   0.8062443290683E+002   0.2792416477460E-011
    -2       2    1   1   0.695034800E-09                 86.7000000000       9.99962817445         1   0   1 0.1448803329590E-004   0.8062688139192E+002   0.1419542808590E-011
    -2       2    1   1   0.695034800E-09                 87.2000000000       9.99962816284         1   0   1 0.1448803185908E-004   0.8062940765163E+002  -0.1583053039510E-011
    -2       2    1   1   0.695034800E-09                 87.7000000000       9.99962815112         1   0   1 0.1448803233802E-004   0.8063194536552E+002   0.1900572704777E-011
    -2       2    1   1   0.695034800E-09                 88.2000000000       9.99962813963         1   0   1 0.1448803090121E-004   0.8063444581156E+002  -0.5930928065960E-011
    -2       2    1   1   0.695034800E-09                 88.7000000000       9.99962812787         1   0   1 0.1448803353537E-004   0.8063698164009E+002   0.5410448428914E-011
    -2       2    1   1   0.695034800E-09                 89.2000000000       9.99962811636         1   0   1 0.1448803329590E-004   0.8063947876865E+002  -0.2680252688482E-011
    -2       2    1   1   0.695034800E-09                 89.7000000000       9.99962810501         1   0   1 0.1448803353537E-004   0.8064193805539E+002  -0.3643642232493E-012
    -2       2    1   1   0.695034800E-09                 90.2000000000       9.99962809357         1   0   1 0.1448803425378E-004   0.8064441404396E+002  -0.6638067156876E-011
    -2       2    1   1   0.695034800E-09                 90.7000000000       9.99962808189         1   0   1 0.1448803305643E-004   0.8064695382449E+002  -0.8435699271072E-011
    -2       2    1   1   0.695034800E-09                 91.2000000000       9.99962807042         1   0   1 0.1448803329590E-004   0.8064943999316E+002   0.4567977734307E-011
    -2       2    1   1   0.695034800E-09                 91.7000000000       9.99962805894         1   0   1 0.1448803353537E-004   0.8065192788051E+002  -0.1103528549863E-011
    -2       2    1   1   0.695034800E-09                 92.2000000000       9.99962804767         1   0   1 0.1448803185908E-004   0.8065438163933E+002  -0.2810423765302E-011
    -2       2    1   1   0.695034800E-09                 92.7000000000       9.99962803610         1   0   1 0.1448803401431E-004   0.8065687730328E+002  -0.1635729149525E-011
    -2       2    1   1   0.695034800E-09                 93.2000000000       9.99962802492         1   0   1 0.1448803138014E-004   0.8065931624817E+002  -0.3498242003043E-011
    -2       2    1   1   0.695034800E-09                 93.7000000000       9.99962801360         1   0   1 0.1448803066174E-004   0.8066177622164E+002   0.9161213718503E-011
    -2       2    1   1   0.695034800E-09                 94.2000000000       9.99962800198         1   0   1 0.1448803209855E-004   0.8066428709783E+002  -0.3079418055955E-011
    -2       2    1   1   0.695034800E-09                 94.7000000000       9.99962799034         1   0   1 0.1448803545113E-004   0.8066679196405E+002   0.4009613694194E-011
    -2       2    1   1   0.695034800E-09                 95.2000000000       9.99962797924         1   0   1 0.1448803305643E-004   0.8066921212443E+002   0.4661520715899E-011
    -2       2    1   1   0.695034800E-09                 95.7000000000       9.99962796789         1   0   1 0.1448803329590E-004   0.8067167327080E+002   0.7229477993644E-011
    -2       2    1   1   0.695034800E-09                 96.2000000000       9.99962795642         1   0   1 0.1448803209855E-004   0.8067416730009E+002   0.4365340778111E-011
    -2       2    1   1   0.695034800E-09                 96.7000000000       9.99962794494         1   0   1 0.1448803353537E-004   0.8067664725524E+002   0.5689454753179E-011
    -2       2    1   1   0.695034800E-09                 97.2000000000       9.99962793389         1   0   1 0.1448803209855E-004   0.8067905223130E+002   0.6398525208530E-011
    -2       2    1   1   0.695034800E-09                 97.7000000000       9.99962792268         1   0   1 0.1448803305643E-004   0.8068147816444E+002   0.3660874710174E-011
    -2       2    1   1   0.695034800E-09                 98.2000000000       9.99962791105         1   0   1 0.1448803497219E-004   0.8068398805810E+002  -0.4921130861730E-011
    -2       2    1   1   0.695034800E-09                 98.7000000000       9.99962790003         1   0   1 0.1448803090121E-004   0.8068639996657E+002  -0.6530392022373E-011
    -2       2    1   1   0.695034800E-09                 99.2000000000       9.99962788868         1   0   1 0.1448803281696E-004   0.8068885148764E+002  -0.7142877962674E-011
    -2       2    1   1   0.695034800E-09                 99.7000000000       9.99962787731         1   0   1 0.1448803449325E-004   0.8069130721318E+002   0.1206849529647E-012
    -2       2    1   1   0.695034800E-09                 100.200000000       9.99962786619         1   0   1 0.1448803305643E-004   0.8069372583693E+002  -0.8629172309806E-011
    -2       2    1   1   0.695034800E-09                 100.700000000       9.99962785509         1   0   1 0.1448803233802E-004   0.8069613753140E+002   0.1349151862121E-011
    -2       2    1   1   0.695034800E-09                 101.200000000       9.99962784366         1   0   1 0.1448803329590E-004   0.8069861056560E+002  -0.1402164290855E-011
    -2       2    1   1   0.695034800E-09                 101.700000000       9.99962783287         1   0   1 0.1448802922492E-004   0.8070097293518E+002  -0.4612777312078E-011
    -2       2    1   1   0.695034800E-09                 102.200000000       9.99962782129         1   0   1 0.1448803377484E-004   0.8070345876756E+002  -0.3088318891377E-011
    -2       2    1   1   0.695034800E-09                 102.700000000       9.99962781035         1   0   1 0.1448803209855E-004   0.8070584076056E+002  -0.7114683898462E-011
    -2       2    1   1   0.695034800E-09                 103.200000000       9.99962779878         1   0   1 0.1448803401431E-004   0.8070833736671E+002  -0.3766855650510E-012
    -2       2    1   1   0.695034800E-09                 103.700000000       9.99962778794         1   0   1 0.1448803209855E-004   0.8071069903943E+002   0.2951074257100E-011
    -2       2    1   1   0.695034800E-09                 104.200000000       9.99962777660         1   0   1 0.1448803377484E-004   0.8071314981419E+002  -0.9943201173959E-011
    -2       2    1   1   0.695034800E-09                 104.700000000       9.99962776551         1   0   1 0.1448803401431E-004   0.8071555274760E+002  -0.4381505583270E-011
    -2       2    1   1   0.695034800E-09                 105.200000000       9.99962775462         1   0   1 0.1448803329590E-004   0.8071791737887E+002  -0.9489913049755E-011
    -2       2    1   1   0.695034800E-09                 105.700000000       9.99962774352         1   0   1 0.1448803377484E-004   0.8072032276700E+002  -0.5490310591599E-011
    -2       2    1   1   0.695034800E-09                 106.200000000       9.99962773220         1   0   1 0.1448803425378E-004   0.8072277395584E+002  -0.2059814621840E-011
    -2       2    1   1   0.695034800E-09                 106.700000000       9.99962772142         1   0   1 0.1448803353537E-004   0.8072511476654E+002   0.2791583314825E-011
    -2       2    1   1   0.695034800E-09                 107.200000000       9.99962771015         1   0   1 0.1448803353537E-004   0.8072755854092E+002  -0.4583412237798E-011
    -2       2    1   1   0.695034800E-09                 107.700000000       9.99962769943         1   0   1 0.1448803233802E-004   0.8072989082439E+002   0.3647296553568E-011
    -2       2    1   1   0.695034800E-09                 108.200000000       9.99962768833         1   0   1 0.1448803401431E-004   0.8073228911457E+002   0.2089514526606E-012
    -2       2    1   1   0.695034800E-09                 108.700000000       9.99962767739         1   0   1 0.1448803114068E-004   0.8073467671244E+002  -0.5270193409834E-011
    -2       2    1   1   0.695034800E-09                 109.200000000       9.99962766630         1   0   1 0.1448803329590E-004   0.8073706929135E+002  -0.2270885552478E-011
    -2       2    1   1   0.695034800E-09                 109.700000000       9.99962765570         1   0   1 0.1448803329590E-004   0.8073936826029E+002   0.3444074352308E-011
    -2       2    1   1   0.695034800E-09                 110.200000000       9.99962764441         1   0   1 0.1448803401431E-004   0.8074181249506E+002   0.6507370296135E-012
    -2       2    1   1   0.695034800E-09                 110.700000000       9.99962763328         1   0   1 0.1448803377484E-004   0.8074422624427E+002  -0.8896909205161E-011
    -2       2    1   1   0.695034800E-09                 111.200000000       9.99962762278         1   0   1 0.1448803066174E-004   0.8074652016330E+002   0.3834718988541E-011
    -2       2    1   1   0.695034800E-09                 111.700000000       9.99962761158         1   0   1 0.1448803305643E-004   0.8074893545605E+002  -0.9307372995027E-012
    -2       2    1   1   0.695034800E-09                 112.200000000       9.99962760056         1   0   1 0.1448803401431E-004   0.8075132014274E+002  -0.6203545880463E-011
    -2       2    1   1   0.695034800E-09                 112.700000000       9.99962759007         1   0   1 0.1448803090121E-004   0.8075361202691E+002   0.9888363609298E-012
    -2       2    1   1   0.695034800E-09                 113.200000000       9.99962757931         1   0   1 0.1448802898545E-004   0.8075595551059E+002   0.5376803904563E-011
    -2       2    1   1   0.695034800E-09                 113.700000000       9.99962756811         1   0   1 0.1448803257749E-004   0.8075836482126E+002   0.2966421043082E-011
    -2       2    1   1   0.695034800E-09                 114.200000000       9.99962755725         1   0   1 0.1448803329590E-004   0.8076071611487E+002  -0.7557974365455E-012
    -2       2    1   1   0.695034800E-09                 114.700000000       9.99962754638         1   0   1 0.1448803281696E-004   0.8076307562460E+002  -0.5894737869319E-011
    -2       2    1   1   0.695034800E-09                 115.200000000       9.99962753582         1   0   1 0.1448803185908E-004   0.8076537074965E+002  -0.5063974871773E-011
    -2       2    1   1   0.695034800E-09                 115.700000000       9.99962752504         1   0   1 0.1448803185908E-004   0.8076770808584E+002  -0.3931740212551E-011
    -2       2    1   1   0.695034800E-09                 116.200000000       9.99962751400         1   0   1 0.1448803329590E-004   0.8077009350511E+002  -0.5850816357555E-012
    -2       2    1   1   0.695034800E-09                 116.700000000       9.99962750325         1   0   1 0.1448803329590E-004   0.8077242609478E+002   0.2002768202333E-011
    -2       2    1   1   0.695034800E-09                 117.200000000       9.99962749269         1   0   1 0.1448803281696E-004   0.8077471774092E+002   0.1447751888600E-011
    -2       2    1   1   0.695034800E-09                 117.700000000       9.99962748200         1   0   1 0.1448803185908E-004   0.8077704086115E+002  -0.2332667949050E-011
    -2       2    1   1   0.695034800E-09                 118.200000000       9.99962747117         1   0   1 0.1448803329590E-004   0.8077938153314E+002   0.6768793804851E-011
    -2       2    1   1   0.695034800E-09                 118.700000000       9.99962746037         1   0   1 0.1448803305643E-004   0.8078172547553E+002   0.8123470589843E-011
    -2       2    1   1   0.695034800E-09                 119.200000000       9.99962744988         1   0   1 0.1448803353537E-004   0.8078399772676E+002   0.2925013496302E-011
    -2       2    1   1   0.695034800E-09                 119.700000000       9.99962743912         1   0   1 0.1448803281696E-004   0.8078633355353E+002   0.4073004359211E-011
    -2       2    1   1   0.695034800E-09                 120.200000000       9.99962742851         1   0   1 0.1448803449325E-004   0.8078862583961E+002   0.3418671324760E-011
    -2       2    1   1   0.695034800E-09                 120.700000000       9.99962741804         1   0   1 0.1448803114068E-004   0.8079091487338E+002  -0.6806021970102E-011
    -2       2    1   1   0.695034800E-09                 121.200000000       9.99962740717         1   0   1 0.1448803305643E-004   0.8079326166689E+002  -0.4743940785810E-012
    -2       2    1   1   0.695034800E-09                 121.700000000       9.99962739654         1   0   1 0.1448803305643E-004   0.8079556485265E+002  -0.4463458228335E-011
    -2       2    1   1   0.695034800E-09                 122.200000000       9.99962738595         1   0   1 0.1448803257749E-004   0.8079786490984E+002  -0.7011435677259E-011
    -2       2    1   1   0.695034800E-09                 122.700000000       9.99962737546         1   0   1 0.1448803233802E-004   0.8080014094070E+002   0.1001786109568E-012
    -2       2    1   1   0.695034800E-09                 123.200000000       9.99962736515         1   0   1 0.1448802970386E-004   0.8080239113698E+002   0.3614966442310E-011
    -2       2    1   1   0.695034800E-09                 123.700000000       9.99962735494         1   0   1 0.1448802611181E-004   0.8080462442985E+002   0.3855723508525E-011
    -2       2    1   1   0.695034800E-09                 124.200000000       9.99962734380         1   0   1 0.1448803329590E-004   0.8080700033576E+002  -0.4788344354898E-011
    -2       2    1   1   0.695034800E-09                 124.700000000       9.99962733330         1   0   1 0.1448803377484E-004   0.8080927370362E+002  -0.3139065915414E-011
    -2       2    1   1   0.695034800E-09                 125.200000000       9.99962732278         1   0   1 0.1448803281696E-004   0.8081156159937E+002  -0.1599262166810E-011
    -2       2    1   1   0.695034800E-09                 125.700000000       9.99962731234         1   0   1 0.1448803377484E-004   0.8081381908701E+002   0.7357777690425E-011
    -2       2    1   1   0.695034800E-09                 126.200000000       9.99962730184         1   0   1 0.1448803233802E-004   0.8081610442034E+002  -0.1092537349053E-011
    -2       2    1   1   0.695034800E-09                 126.700000000       9.99962729155         1   0   1 0.1448803161961E-004   0.8081833909082E+002  -0.3491883950193E-011
    -2       2    1   1   0.695034800E-09                 127.200000000       9.99962728121         1   0   1 0.1448803377484E-004   0.8082057032012E+002  -0.5389386570581E-011
    -2       2    1   1   0.695034800E-09                 127.700000000       9.99962727062         1   0   1 0.1448803305643E-004   0.8082286957463E+002   0.3251682960352E-011
    -2       2    1   1   0.695034800E-09                 128.200000000       9.99962726034         1   0   1 0.1448803209855E-004   0.8082510480181E+002  -0.7772202875262E-011
    -2       2    1   1   0.695034800E-09                 128.700000000       9.99962724980         1   0   1 0.1448803425378E-004   0.8082737915892E+002  -0.2816065106830E-011
    -2       2    1   1   0.695034800E-09                 129.200000000       9.99962723969         1   0   1 0.1448802994333E-004   0.8082959366031E+002   0.6993006072381E-011
    -2       2    1   1   0.695034800E-09                 129.700000000       9.99962722924         1   0   1 0.1448803353537E-004   0.8083184073685E+002   0.2347122980885E-011
    -2       2    1   1   0.695034800E-09                 130.200000000       9.99962721897         1   0   1 0.1448803329590E-004   0.8083406932632E+002   0.5130799081997E-011
    -2       2    1   1   0.695034800E-09                 130.700000000       9.99962720864         1   0   1 0.1448803401431E-004   0.8083630437656E+002  -0.6003481003293E-011
    -2       2    1   1   0.695034800E-09                 131.200000000       9.99962719867         1   0   1 0.1448802850651E-004   0.8083849792204E+002  -0.1418637080669E-011
    -2       2    1   1   0.695034800E-09                 131.700000000       9.99962718796         1   0   1 0.1448803305643E-004   0.8084079415284E+002  -0.4733300280243E-011
    -2       2    1   1   0.695034800E-09                 132.200000000       9.99962717773         1   0   1 0.1448803449325E-004   0.8084300399582E+002  -0.1691270190433E-011
    -2       2    1   1   0.695034800E-09                 132.700000000       9.99962716738         1   0   1 0.1448803449325E-004   0.8084524794926E+002  -0.4477503836281E-011
    -2       2    1   1   0.695034800E-09                 133.200000000       9.99962715751         1   0   1 0.1448803305643E-004   0.8084739807342E+002   0.6301196314920E-011
    -2       2    1   1   0.695034800E-09                 133.700000000       9.99962714707         1   0   1 0.1448803257749E-004   0.8084966444512E+002   0.8136479169194E-012
    -2       2    1   1   0.695034800E-09                 134.200000000       9.99962713683         1   0   1 0.1448803257749E-004   0.8085188308762E+002  -0.8059320885199E-011
    -2       2    1   1   0.695034800E-09                 134.700000000       9.99962712672         1   0   1 0.1448803329590E-004   0.8085407316355E+002  -0.4024902709122E-011
    -2       2    1   1   0.695034800E-09                 135.200000000       9.99962711674         1   0   1 0.1448803257749E-004   0.8085624140296E+002   0.2657320192557E-011
    -2       2    1   1   0.695034800E-09                 135.700000000       9.99962710656         1   0   1 0.1448803353537E-004   0.8085844358980E+002   0.4649023814603E-011
    -2       2    1   1   0.695034800E-09                 136.200000000       9.99962709621         1   0   1 0.1448803425378E-004   0.8086068178445E+002   0.2522851968712E-011
    -2       2    1   1   0.695034800E-09                 136.700000000       9.99962708614         1   0   1 0.1448803353537E-004   0.8086287043756E+002   0.8046107417307E-011
    -2       2    1   1   0.695034800E-09                 137.200000000       9.99962707607         1   0   1 0.1448803497219E-004   0.8086504646470E+002   0.1029411774836E-010
    -2       2    1   1   0.695034800E-09                 137.700000000       9.99962706590         1   0   1 0.1448803449325E-004   0.8086725450154E+002  -0.7607171458126E-011
    -2       2    1   1   0.695034800E-09                 138.200000000       9.99962705598         1   0   1 0.1448803257749E-004   0.8086941590833E+002   0.4740155378028E-011
    -2       2    1   1   0.695034800E-09                 138.700000000       9.99962704606         1   0   1 0.1448803090121E-004   0.8087157626039E+002  -0.1747279433106E-011
    -2       2    1   1   0.695034800E-09                 139.200000000       9.99962703586         1   0   1 0.1448803353537E-004   0.8087377286293E+002  -0.2056043775702E-012
    -2       2    1   1   0.695034800E-09                 139.700000000       9.99962702575         1   0   1 0.1448803329590E-004   0.8087596576372E+002   0.9028498057020E-011
    -2       2    1   1   0.695034800E-09                 140.200000000       9.99962701589         1   0   1 0.1448803305643E-004   0.8087810547069E+002   0.5306762142803E-011
    -2       2    1   1   0.695034800E-09                 140.700000000       9.99962700589         1   0   1 0.1448803305643E-004   0.8088027487256E+002  -0.8335593745478E-011
    -2       2    1   1   0.695034800E-09                 141.200000000       9.99962699613         1   0   1 0.1448803209855E-004   0.8088239580535E+002   0.5761293350828E-011
    -2       2    1   1   0.695034800E-09                 141.700000000       9.99962698600         1   0   1 0.1448803353537E-004   0.8088458463148E+002  -0.5543162422540E-011
    -2       2    1   1   0.695034800E-09                 142.200000000       9.99962697629         1   0   1 0.1448803305643E-004   0.8088669269179E+002   0.2110868756285E-011
    -2       2    1   1   0.695034800E-09                 142.700000000       9.99962696611         1   0   1 0.1448803449325E-004   0.8088889228197E+002   0.7908131112540E-011
    -2       2    1   1   0.695034800E-09                 143.200000000       9.99962695648         1   0   1 0.1448803353537E-004   0.8089098562103E+002   0.4978864860215E-011
    -2       2    1   1   0.695034800E-09                 143.700000000       9.99962694668         1   0   1 0.1448803281696E-004   0.8089311573564E+002  -0.3836633124482E-011
    -2       2    1   1   0.695034800E-09                 144.200000000       9.99962693683         1   0   1 0.1448803353537E-004   0.8089524796561E+002   0.3404464722394E-011
    -2       2    1   1   0.695034800E-09                 144.700000000       9.99962692701         1   0   1 0.1448803114068E-004   0.8089738903498E+002  -0.5101289977694E-011
    -2       2    1   1   0.695034800E-09                 145.200000000       9.99962691706         1   0   1 0.1448803305643E-004   0.8089953754383E+002  -0.2401611801272E-011
    -2       2    1   1   0.695034800E-09                 145.700000000       9.99962690740         1   0   1 0.1448803353537E-004   0.8090162942595E+002  -0.2188845465800E-011
    -2       2    1   1   0.695034800E-09                 146.200000000       9.99962689768         1   0   1 0.1448803281696E-004   0.8090374074546E+002   0.1494654887131E-011
    -2       2    1   1   0.695034800E-09                 146.700000000       9.99962688772         1   0   1 0.1448803353537E-004   0.8090589519734E+002  -0.4554750107677E-011
    -2       2    1   1   0.695034800E-09                 147.200000000       9.99962687806         1   0   1 0.1448803377484E-004   0.8090798936629E+002  -0.4744115943515E-011
    -2       2    1   1   0.695034800E-09                 147.700000000       9.99962686840         1   0   1 0.1448803401431E-004   0.8091008298427E+002   0.3206182894210E-011
    -2       2    1   1   0.695034800E-09                 148.200000000       9.99962685854         1   0   1 0.1448803449325E-004   0.8091221748286E+002  -0.2316414446611E-011
    -2       2    1   1   0.695034800E-09                 148.700000000       9.99962684911         1   0   1 0.1448803401431E-004   0.8091426657273E+002  -0.2447608440301E-012
    -2       2    1   1   0.695034800E-09                 149.200000000       9.99962683929         1   0   1 0.1448803329590E-004   0.8091639822750E+002   0.6942169731989E-011
    -2       2    1   1   0.695034800E-09                 149.700000000       9.99962682961         1   0   1 0.1448803329590E-004   0.8091849706012E+002  -0.8694622968198E-011
    -2       2    1   1   0.695034800E-09                 150.200000000       9.99962682026         1   0   1 0.1448803353537E-004   0.8092052455843E+002   0.5360519904440E-011
    -2       2    1   1   0.695034800E-09                 150.700000000       9.99962681037         1   0   1 0.1448803305643E-004   0.8092267177977E+002   0.2648521225109E-011
    -2       2    1   1   0.695034800E-09                 151.200000000       9.99962680106         1   0   1 0.1448803233802E-004   0.8092469454416E+002   0.3367661714813E-011
    -2       2    1   1   0.695034800E-09                 151.700000000       9.99962679122         1   0   1 0.1448803425378E-004   0.8092681670989E+002  -0.9282130259350E-011
    -2       2    1   1   0.695034800E-09                 152.200000000       9.99962678186         1   0   1 0.1448803185908E-004   0.8092885975894E+002   0.4269605524403E-011
    -2       2    1   1   0.695034800E-09                 152.700000000       9.99962677237         1   0   1 0.1448803353537E-004   0.8093090950474E+002   0.1522118424693E-011
    -2       2    1   1   0.695034800E-09                 153.200000000       9.99962676288         1   0   1 0.1448803281696E-004   0.8093296958794E+002  -0.2050138981609E-011
    -2       2    1   1   0.695034800E-09                 153.700000000       9.99962675333         1   0   1 0.1448803353537E-004   0.8093503813712E+002  -0.3691086023606E-011
    -2       2    1   1   0.695034800E-09                 154.200000000       9.99962674373         1   0   1 0.1448803353537E-004   0.8093711823560E+002  -0.8124332669938E-011
    -2       2    1   1   0.695034800E-09                 154.700000000       9.99962673432         1   0   1 0.1448803353537E-004   0.8093915863946E+002   0.5617543646501E-012
    -2       2    1   1   0.695034800E-09                 155.200000000       9.99962672501         1   0   1 0.1448803305643E-004   0.8094118037286E+002  -0.2064842723274E-011
    -2       2    1   1   0.695034800E-09                 155.700000000       9.99962671547         1   0   1 0.1448803425378E-004   0.8094324275535E+002  -0.3422091543488E-011
    -2       2    1   1   0.695034800E-09                 156.200000000       9.99962670604         1   0   1 0.1448803353537E-004   0.8094529098237E+002  -0.3000242452821E-012
    -2       2    1   1   0.695034800E-09                 156.700000000       9.99962669662         1   0   1 0.1448803425378E-004   0.8094733069061E+002  -0.1410261505290E-011
    -2       2    1   1   0.695034800E-09                 157.200000000       9.99962668730         1   0   1 0.1448803281696E-004   0.8094935920680E+002  -0.9203935155534E-011
    -2       2    1   1   0.695034800E-09                 157.700000000       9.99962667775         1   0   1 0.1448803377484E-004   0.8095142427274E+002  -0.2833692190414E-011
    -2       2    1   1   0.695034800E-09                 158.200000000       9.99962666869         1   0   1 0.1448803329590E-004   0.8095339176523E+002  -0.5135271602120E-011
    -2       2    1   1   0.695034800E-09                 158.700000000       9.99962665951         1   0   1 0.1448803449325E-004   0.8095537580304E+002  -0.3027764328631E-011
    -2       2    1   1   0.695034800E-09                 159.200000000       9.99962664995         1   0   1 0.1448803353537E-004   0.8095745509241E+002  -0.1055207794034E-011
    -2       2    1   1   0.695034800E-09                 159.700000000       9.99962664083         1   0   1 0.1448803401431E-004   0.8095942841091E+002   0.3081683140869E-011
    -2       2    1   1   0.695034800E-09                 160.200000000       9.99962663170         1   0   1 0.1448803305643E-004   0.8096141439809E+002   0.5054093983810E-012
    -2       2    1   1   0.695034800E-09                 160.700000000       9.99962662232         1   0   1 0.1448803329590E-004   0.8096344671247E+002  -0.9558579388121E-011
    -2       2    1   1   0.695034800E-09                 161.200000000       9.99962661325         1   0   1 0.1448803353537E-004   0.8096541305583E+002   0.7180075528504E-011
    -2       2    1   1   0.695034800E-09                 161.700000000       9.99962660390         1   0   1 0.1448803353537E-004   0.8096743994664E+002   0.9372224228066E-011
    -2       2    1   1   0.695034800E-09                 162.200000000       9.99962659475         1   0   1 0.1448803449325E-004   0.8096941757343E+002   0.1935022517016E-012
    -2       2    1   1   0.695034800E-09                 162.700000000       9.99962658565         1   0   1 0.1448803329590E-004   0.8097139763318E+002  -0.1983942692794E-011
    -2       2    1   1   0.695034800E-09                 163.200000000       9.99962657654         1   0   1 0.1448803353537E-004   0.8097337344733E+002   0.6935153899518E-011
    -2       2    1   1   0.695034800E-09                 163.700000000       9.99962656734         1   0   1 0.1448803425378E-004   0.8097536305712E+002  -0.3248730243891E-011
    -2       2    1   1   0.695034800E-09                 164.200000000       9.99962655834         1   0   1 0.1448803425378E-004   0.8097731441278E+002  -0.3525397981862E-011
    -2       2    1   1   0.695034800E-09                 164.700000000       9.99962654948         1   0   1 0.1448803281696E-004   0.8097924381111E+002   0.1044123011804E-010
    -2       2    1   1   0.695034800E-09                 165.200000000       9.99962654046         1   0   1 0.1448803305643E-004   0.8098119794459E+002  -0.5244599958491E-011
    -2       2    1   1   0.695034800E-09                 165.700000000       9.99962653132         1   0   1 0.1448803329590E-004   0.8098317899144E+002   0.9971819785016E-012
    -2       2    1   1   0.695034800E-09                 166.200000000       9.99962652221         1   0   1 0.1448803425378E-004   0.8098514914961E+002   0.8857752438441E-011
    -2       2    1   1   0.695034800E-09                 166.700000000       9.99962651330         1   0   1 0.1448803233802E-004   0.8098709249011E+002   0.2787812596944E-011
    -2       2    1   1   0.695034800E-09                 167.200000000       9.99962650440         1   0   1 0.1448803257749E-004   0.8098902018241E+002  -0.2253360985691E-012
    -2       2    1   1   0.695034800E-09                 167.700000000       9.99962649531         1   0   1 0.1448803353537E-004   0.8099098638050E+002  -0.6296606657940E-012
    -2       2    1   1   0.695034800E-09                 168.200000000       9.99962648650         1   0   1 0.1448803449325E-004   0.8099289109967E+002  -0.4929052938484E-011
    -2       2    1   1   0.695034800E-09                 168.700000000       9.99962647766         1   0   1 0.1448803401431E-004   0.8099481073838E+002   0.7049977579891E-011
    -2       2    1   1   0.695034800E-09                 169.200000000       9.99962646864         1   0   1 0.1448803425378E-004   0.8099676626006E+002  -0.5245578802274E-011
    -2       2    1   1   0.695034800E-09                 169.700000000       9.99962645990         1   0   1 0.1448803353537E-004   0.8099866395257E+002  -0.5906152734402E-011
    -2       2    1   1   0.695034800E-09                 170.200000000       9.99962645094         1   0   1 0.1448803449325E-004   0.8100060278332E+002   0.8703348047983E-011
    -2       2    1   1   0.695034800E-09                 170.700000000       9.99962644209         1   0   1 0.1448803425378E-004   0.8100252208675E+002  -0.8336075387161E-011
    -2       2    1   1   0.695034800E-09                 171.200000000       9.99962643336         1   0   1 0.1448803329590E-004   0.8100442159038E+002   0.4536012369895E-011
    -2       2    1   1   0.695034800E-09                 171.700000000       9.99962642467         1   0   1 0.1448803353537E-004   0.8100630311214E+002  -0.4431609645529E-011
    -2       2    1   1   0.695034800E-09                 172.200000000       9.99962641585         1   0   1 0.1448803305643E-004   0.8100821979397E+002   0.1964897974550E-011
    -2       2    1   1   0.695034800E-09                 172.700000000       9.99962640710         1   0   1 0.1448803329590E-004   0.8101011545837E+002   0.1006153327690E-010
    -2       2    1   1   0.695034800E-09                 173.200000000       9.99962639840         1   0   1 0.1448803449325E-004   0.8101199502809E+002  -0.4014510345296E-011
    -2       2    1   1   0.695034800E-09                 173.700000000       9.99962638967         1   0   1 0.1448803449325E-004   0.8101388736422E+002  -0.1524749218031E-012
    -2       2    1   1   0.695034800E-09                 174.200000000       9.99962638107         1   0   1 0.1448803377484E-004   0.8101575696635E+002  -0.1951246459937E-012
    -2       2    1   1   0.695034800E-09                 174.700000000       9.99962637234         1   0   1 0.1448803377484E-004   0.8101765022781E+002   0.6255359980756E-011
    -2       2    1   1   0.695034800E-09                 175.200000000       9.99962636368         1   0   1 0.1448803353537E-004   0.8101952969761E+002  -0.1670515470650E-011
    -2       2    1   1   0.695034800E-09                 175.700000000       9.99962635478         1   0   1 0.1448803521166E-004   0.8102144918179E+002   0.1922467211006E-011
    -2       2    1   1   0.695034800E-09                 176.200000000       9.99962634651         1   0   1 0.1448803329590E-004   0.8102325418503E+002  -0.1283087096588E-011
    -2       2    1   1   0.695034800E-09                 176.700000000       9.99962633802         1   0   1 0.1448803353537E-004   0.8102509331697E+002  -0.3492965078276E-011
    -2       2    1   1   0.695034800E-09                 177.200000000       9.99962632920         1   0   1 0.1448803353537E-004   0.8102700561962E+002  -0.6642876175891E-011
    -2       2    1   1   0.695034800E-09                 177.700000000       9.99962632100         1   0   1 0.1448803281696E-004   0.8102878884926E+002  -0.3228531144459E-011
    -2       2    1   1   0.695034800E-09                 178.200000000       9.99962631216         1   0   1 0.1448803473272E-004   0.8103069383215E+002   0.3453194443038E-012
    -2       2    1   1   0.695034800E-09                 178.700000000       9.99962630359         1   0   1 0.1448803377484E-004   0.8103255699468E+002  -0.1256865809610E-011
    -2       2    1   1   0.695034800E-09                 179.200000000       9.99962629528         1   0   1 0.1448803425378E-004   0.8103435709208E+002   0.7966785563738E-012
    -2       2    1   1   0.695034800E-09                 179.700000000       9.99962628699         1   0   1 0.1448803233802E-004   0.8103616578439E+002   0.8184814679582E-011
    -2       2    1   1   0.695034800E-09                 180.200000000       9.99962627877         1   0   1 0.1448803090121E-004   0.8103795592954E+002   0.5082464549361E-011
    -2       2    1   1   0.695034800E-09                 180.700000000       9.99962627000         1   0   1 0.1448803401431E-004   0.8103983955767E+002   0.2016580296837E-011
    -2       2    1   1   0.695034800E-09                 181.200000000       9.99962626170         1   0   1 0.1448803401431E-004   0.8104163913722E+002   0.4662295059841E-011
    -2       2    1   1   0.695034800E-09                 181.700000000       9.99962625326         1   0   1 0.1448803377484E-004   0.8104347233841E+002   0.7281218672019E-011
    -2       2    1   1   0.695034800E-09                 182.200000000       9.99962624496         1   0   1 0.1448803353537E-004   0.8104527353038E+002  -0.2985772535014E-011
    -2       2    1   1   0.695034800E-09                 182.700000000       9.99962623674         1   0   1 0.1448803329590E-004   0.8104705703851E+002   0.7607230551128E-012
    -2       2    1   1   0.695034800E-09                 183.200000000       9.99962622854         1   0   1 0.1448803281696E-004   0.8104883760466E+002  -0.4557410459966E-011
    -2       2    1   1   0.695034800E-09                 183.700000000       9.99962622028         1   0   1 0.1448803138014E-004   0.8105063661017E+002   0.3940802312601E-011
    -2       2    1   1   0.695034800E-09                 184.200000000       9.99962621183         1   0   1 0.1448803329590E-004   0.8105245767881E+002  -0.8697473103571E-011
    -2       2    1   1   0.695034800E-09                 184.700000000       9.99962620359         1   0   1 0.1448803257749E-004   0.8105424907013E+002   0.4550657906538E-011
    -2       2    1   1   0.695034800E-09                 185.200000000       9.99962619565         1   0   1 0.1448803138014E-004   0.8105597607527E+002   0.6479162443404E-012
    -2       2    1   1   0.695034800E-09                 185.700000000       9.99962618735         1   0   1 0.1448803353537E-004   0.8105776571248E+002  -0.3719879698435E-011
    -2       2    1   1   0.695034800E-09                 186.200000000       9.99962617904         1   0   1 0.1448803449325E-004   0.8105956153537E+002  -0.7533974141371E-011
    -2       2    1   1   0.695034800E-09                 186.700000000       9.99962617087         1   0   1 0.1448803329590E-004   0.8106133884370E+002   0.5598382060000E-011
    -2       2    1   1   0.695034800E-09                 187.200000000       9.99962616271         1   0   1 0.1448803353537E-004   0.8106310792266E+002  -0.8157131150301E-011
    -2       2    1   1   0.695034800E-09                 187.700000000       9.99962615465         1   0   1 0.1448803425378E-004   0.8106485144030E+002   0.1427084610916E-011
    -2       2    1   1   0.695034800E-09                 188.200000000       9.99962614679         1   0   1 0.1448803353537E-004   0.8106656094995E+002  -0.7665490114662E-011
    -2       2    1   1   0.695034800E-09                 188.700000000       9.99962613859         1   0   1 0.1448803353537E-004   0.8106833840685E+002   0.4884094206617E-011
    -2       2    1   1   0.695034800E-09                 189.200000000       9.99962613053         1   0   1 0.1448803329590E-004   0.8107008698997E+002  -0.5705094051572E-011
    -2       2    1   1   0.695034800E-09                 189.700000000       9.99962612244         1   0   1 0.1448803329590E-004   0.8107184204429E+002   0.7369733886142E-011
    -2       2    1   1   0.695034800E-09                 190.200000000       9.99962611477         1   0   1 0.1448803185908E-004   0.8107351243580E+002   0.1384215883323E-011
    -2       2    1   1   0.695034800E-09                 190.700000000       9.99962610664         1   0   1 0.1448803281696E-004   0.8107527024068E+002   0.7969256471231E-011
    -2       2    1   1   0.695034800E-09                 191.200000000       9.99962609870         1   0   1 0.1448803377484E-004   0.8107698595671E+002  -0.4711609785261E-011
    -2       2    1   1   0.695034800E-09                 191.700000000       9.99962609097         1   0   1 0.1448802994333E-004   0.8107868361099E+002  -0.4194786364106E-011
    -2       2    1   1   0.695034800E-09                 192.200000000       9.99962608304         1   0   1 0.1448803042227E-004   0.8108040070521E+002   0.4993058145409E-011
    -2       2    1   1   0.695034800E-09                 192.700000000       9.99962607487         1   0   1 0.1448803281696E-004   0.8108215823905E+002  -0.2043035567061E-011
    -2       2    1   1   0.695034800E-09                 193.200000000       9.99962606694         1   0   1 0.1448803401431E-004   0.8108387237952E+002   0.6793509257295E-011
    -2       2    1   1   0.695034800E-09                 193.700000000       9.99962605934         1   0   1 0.1448803281696E-004   0.8108552753249E+002   0.8216721310163E-012
    -2       2    1   1   0.695034800E-09                 194.200000000       9.99962605143         1   0   1 0.1448803353537E-004   0.8108723682895E+002   0.8778212177961E-011
    -2       2    1   1   0.695034800E-09                 194.700000000       9.99962604361         1   0   1 0.1448803377484E-004   0.8108893170742E+002  -0.3220492087911E-011
    -2       2    1   1   0.695034800E-09                 195.200000000       9.99962603579         1   0   1 0.1448803401431E-004   0.8109062622468E+002   0.8852958511228E-011
    -2       2    1   1   0.695034800E-09                 195.700000000       9.99962602806         1   0   1 0.1448803329590E-004   0.8109230683610E+002   0.5070741614065E-011
    -2       2    1   1   0.695034800E-09                 196.200000000       9.99962602053         1   0   1 0.1448803090121E-004   0.8109395335510E+002  -0.2876532486610E-011
    -2       2    1   1   0.695034800E-09                 196.700000000       9.99962601284         1   0   1 0.1448803233802E-004   0.8109561262690E+002   0.4243501064735E-011
    -2       2    1   1   0.695034800E-09                 197.200000000       9.99962600511         1   0   1 0.1448803233802E-004   0.8109728951363E+002   0.3399948635094E-011
    -2       2    1   1   0.695034800E-09                 197.700000000       9.99962599734         1   0   1 0.1448803401431E-004   0.8109896360289E+002  -0.3460926519589E-011
    -2       2    1   1   0.695034800E-09                 198.200000000       9.99962598974         1   0   1 0.1448803401431E-004   0.8110061263536E+002  -0.8243628830901E-011
    -2       2    1   1   0.695034800E-09                 198.700000000       9.99962598218         1   0   1 0.1448803305643E-004   0.8110225618905E+002   0.7832625232303E-011
    -2       2    1   1   0.695034800E-09                 199.200000000       9.99962597459         1   0   1 0.1448803353537E-004   0.8110389961621E+002   0.5945528450132E-012
    -2       2    1   1   0.695034800E-09                 199.700000000       9.99962596708         1   0   1 0.1448803353537E-004   0.8110552883298E+002  -0.6996205259802E-011
    -2       2    1   1   0.695034800E-09                 200.200000000       9.99962595932         1   0   1 0.1448803353537E-004   0.8110721141121E+002   0.3455606381391E-011
    -2       2    1   1   0.695034800E-09                 200.700000000       9.99962595232         1   0   1 0.1448803066174E-004   0.8110874430999E+002  -0.1952547710463E-011
    -2       2    1   1   0.695034800E-09                 201.200000000       9.99962594460         1   0   1 0.1448803449325E-004   0.8111039666326E+002  -0.5798402619650E-011
    -2       2    1   1   0.695034800E-09                 201.700000000       9.99962593701         1   0   1 0.1448803425378E-004   0.8111204430430E+002   0.7553399033385E-011
    -2       2    1   1   0.695034800E-09                 202.200000000       9.99962592972         1   0   1 0.1448803233802E-004   0.8111363690180E+002  -0.8194271283214E-011
    -2       2    1   1   0.695034800E-09                 202.700000000       9.99962592216         1   0   1 0.1448803233802E-004   0.8111527592123E+002  -0.3830333720917E-011
    -2       2    1   1   0.695034800E-09                 203.200000000       9.99962591471         1   0   1 0.1448803353537E-004   0.8111688512855E+002  -0.5034917521620E-011
    -2       2    1   1   0.695034800E-09                 203.700000000       9.99962590743         1   0   1 0.1448803377484E-004   0.8111846209249E+002   0.4654490151063E-012
    -2       2    1   1   0.695034800E-09                 204.200000000       9.99962590011         1   0   1 0.1448803305643E-004   0.8112005205974E+002   0.5313032440727E-011
    -2       2    1   1   0.695034800E-09                 204.700000000       9.99962589300         1   0   1 0.1448803209855E-004   0.8112159965448E+002   0.8024900283120E-011
    -2       2    1   1   0.695034800E-09                 205.200000000       9.99962588550         1   0   1 0.1448803329590E-004   0.8112321861336E+002  -0.8026258915242E-011
    -2       2    1   1   0.695034800E-09                 205.700000000       9.99962587808         1   0   1 0.1448803521166E-004   0.8112481748810E+002   0.7708504342076E-011
    -2       2    1   1   0.695034800E-09                 206.200000000       9.99962587119         1   0   1 0.1448803233802E-004   0.8112632889631E+002  -0.1062618233700E-011
    -2       2    1   1   0.695034800E-09                 206.700000000       9.99962586381         1   0   1 0.1448803449325E-004   0.8112791554746E+002  -0.4007976958596E-011
    -2       2    1   1   0.695034800E-09                 207.200000000       9.99962585672         1   0   1 0.1448803449325E-004   0.8112945277622E+002   0.8860412418161E-012
    -2       2    1   1   0.695034800E-09                 207.700000000       9.99962584952         1   0   1 0.1448803329590E-004   0.8113102211089E+002  -0.6610355510282E-011
    -2       2    1   1   0.695034800E-09                 208.200000000       9.99962584222         1   0   1 0.1448803401431E-004   0.8113260088834E+002  -0.4253059488839E-011
    -2       2    1   1   0.695034800E-09                 208.700000000       9.99962583517         1   0   1 0.1448803257749E-004   0.8113413654347E+002  -0.7306578171804E-013
    -2       2    1   1   0.695034800E-09                 209.200000000       9.99962582828         1   0   1 0.1448803329590E-004   0.8113562646148E+002  -0.5792600515556E-011
    -2       2    1   1   0.695034800E-09                 209.700000000       9.99962582110         1   0   1 0.1448803233802E-004   0.8113719031541E+002   0.3505447499098E-011
    -2       2    1   1   0.695034800E-09                 210.200000000       9.99962581380         1   0   1 0.1448803473272E-004   0.8113875942126E+002  -0.1022238221070E-010
    -2       2    1   1   0.695034800E-09                 210.700000000       9.99962580690         1   0   1 0.1448803353537E-004   0.8114026263005E+002   0.8924899142722E-011
    -2       2    1   1   0.695034800E-09                 211.200000000       9.99962580007         1   0   1 0.1448803329590E-004   0.8114174360276E+002   0.4617000062719E-011
    -2       2    1   1   0.695034800E-09                 211.700000000       9.99962579303         1   0   1 0.1448803329590E-004   0.8114327155295E+002  -0.2689256193044E-011
    -2       2    1   1   0.695034800E-09                 212.200000000       9.99962578594         1   0   1 0.1448803281696E-004   0.8114481162500E+002   0.6281391631596E-011
    -2       2    1   1   0.695034800E-09                 212.700000000       9.99962577924         1   0   1 0.1448803066174E-004   0.8114627545775E+002   0.1030097575327E-011
    -2       2    1   1   0.695034800E-09                 213.200000000       9.99962577222         1   0   1 0.1448803377484E-004   0.8114778148519E+002   0.5020725226319E-011
    -2       2    1   1   0.695034800E-09                 213.700000000       9.99962576524         1   0   1 0.1448803329590E-004   0.8114929609778E+002  -0.8726734493398E-011
    -2       2    1   1   0.695034800E-09                 214.200000000       9.99962575841         1   0   1 0.1448803401431E-004   0.8115077472742E+002   0.8865396793700E-011
    -2       2    1   1   0.695034800E-09                 214.700000000       9.99962575169         1   0   1 0.1448803353537E-004   0.8115223365789E+002  -0.5075579452266E-012
    -2       2    1   1   0.695034800E-09                 215.200000000       9.99962574481         1   0   1 0.1448803353537E-004   0.8115372455987E+002  -0.8891048304700E-011
    -2       2    1   1   0.695034800E-09                 215.700000000       9.99962573797         1   0   1 0.1448803425378E-004   0.8115520451651E+002   0.2008497572444E-011
    -2       2    1   1   0.695034800E-09                 216.200000000       9.99962573149         1   0   1 0.1448802946439E-004   0.8115663621094E+002   0.5058830847677E-011
    -2       2    1   1   0.695034800E-09                 216.700000000       9.99962572473         1   0   1 0.1448803066174E-004   0.8115809602555E+002   0.2613369986889E-011
    -2       2    1   1   0.695034800E-09                 217.200000000       9.99962571816         1   0   1 0.1448802850651E-004   0.8115953205035E+002  -0.1734052166192E-012
    -2       2    1   1   0.695034800E-09                 217.700000000       9.99962571118         1   0   1 0.1448803425378E-004   0.8116101435343E+002  -0.4450332621531E-011
    -2       2    1   1   0.695034800E-09                 218.200000000       9.99962570472         1   0   1 0.1448803257749E-004   0.8116242448405E+002   0.3269938551215E-011
    -2       2    1   1   0.695034800E-09                 218.700000000       9.99962569773         1   0   1 0.1448803281696E-004   0.8116393940562E+002   0.8940801879573E-012
    -2       2    1   1   0.695034800E-09                 219.200000000       9.99962569128         1   0   1 0.1448803521166E-004   0.8116532401359E+002  -0.1102183743108E-011
    -2       2    1   1   0.695034800E-09                 219.700000000       9.99962568479         1   0   1 0.1448803473272E-004   0.8116673344000E+002  -0.5994272576849E-011
    -2       2    1   1   0.695034800E-09                 220.200000000       9.99962567815         1   0   1 0.1448803353537E-004   0.8116818112387E+002  -0.1023683835725E-010
    -2       2    1   1   0.695034800E-09                 220.700000000       9.99962567162         1   0   1 0.1448803521166E-004   0.8116958646400E+002  -0.4778580182363E-012
    -2       2    1   1   0.695034800E-09                 221.200000000       9.99962566510         1   0   1 0.1448803569060E-004   0.8117099703219E+002  -0.3407694368837E-011
    -2       2    1   1   0.695034800E-09                 221.700000000       9.99962565903         1   0   1 0.1448802898545E-004   0.8117235253285E+002   0.2837610237459E-011
    -2       2    1   1   0.695034800E-09                 222.200000000       9.99962565236         1   0   1 0.1448803209855E-004   0.8117378105617E+002  -0.2932073353044E-011
    -2       2    1   1   0.695034800E-09                 222.700000000       9.99962564626         1   0   1 0.1448802802757E-004   0.8117512711859E+002  -0.8523077150193E-011
    -2       2    1   1   0.695034800E-09                 223.200000000       9.99962563936         1   0   1 0.1448803401431E-004   0.8117658866694E+002  -0.2407151136093E-011
    -2       2    1   1   0.695034800E-09                 223.700000000       9.99962563317         1   0   1 0.1448803353537E-004   0.8117793397411E+002   0.7814851821806E-011
    -2       2    1   1   0.695034800E-09                 224.200000000       9.99962562682         1   0   1 0.1448803473272E-004   0.8117930291658E+002  -0.4589784468746E-011
    -2       2    1   1   0.695034800E-09                 224.700000000       9.99962562057         1   0   1 0.1448803353537E-004   0.8118066547735E+002  -0.6784009030786E-011
    -2       2    1   1   0.695034800E-09                 225.200000000       9.99962561442         1   0   1 0.1448803281696E-004   0.8118200428720E+002   0.5236575817633E-011
    -2       2    1   1   0.695034800E-09                 225.700000000       9.99962560821         1   0   1 0.1448803305643E-004   0.8118334921561E+002  -0.8619262608192E-011
    -2       2    1   1   0.695034800E-09                 226.200000000       9.99962560189         1   0   1 0.1448803329590E-004   0.8118471785171E+002  -0.1918331114905E-011
    -2       2    1   1   0.695034800E-09                 226.700000000       9.99962559557         1   0   1 0.1448803401431E-004   0.8118608359120E+002  -0.4520080619831E-011
    -2       2    1   1   0.695034800E-09                 227.200000000       9.99962558968         1   0   1 0.1448803425378E-004   0.8118736094166E+002   0.4721870116171E-011
    -2       2    1   1   0.695034800E-09                 227.700000000       9.99962558337         1   0   1 0.1448803353537E-004   0.8118873313255E+002  -0.1754046359810E-011
    -2       2    1   1   0.695034800E-09                 228.200000000       9.99962557721         1   0   1 0.1448803257749E-004   0.8119007352380E+002  -0.4308104066248E-011
    -2       2    1   1   0.695034800E-09                 228.700000000       9.99962557122         1   0   1 0.1448803233802E-004   0.8119137391267E+002   0.6210606164767E-011
    -2       2    1   1   0.695034800E-09                 229.200000000       9.99962556530         1   0   1 0.1448803305643E-004   0.8119265391854E+002  -0.9209518345611E-011
    -2       2    1   1   0.695034800E-09                 229.700000000       9.99962555965         1   0   1 0.1448802587234E-004   0.8119391777034E+002   0.4650064015703E-011
    -2       2    1   1   0.695034800E-09                 230.200000000       9.99962555338         1   0   1 0.1448803233802E-004   0.8119524169632E+002  -0.9427371471714E-013
    -2       2    1   1   0.695034800E-09                 230.700000000       9.99962554739         1   0   1 0.1448803377484E-004   0.8119653280664E+002   0.1017872466052E-010
    -2       2    1   1   0.695034800E-09                 231.200000000       9.99962554180         1   0   1 0.1448802802757E-004   0.8119777775564E+002   0.9178111577444E-011
    -2       2    1   1   0.695034800E-09                 231.700000000       9.99962553552         1   0   1 0.1448803329590E-004   0.8119910895369E+002  -0.4107790492194E-011
    -2       2    1   1   0.695034800E-09                 232.200000000       9.99962552974         1   0   1 0.1448803353537E-004   0.8120036143684E+002   0.3115957947043E-011
    -2       2    1   1   0.695034800E-09                 232.700000000       9.99962552372         1   0   1 0.1448803377484E-004   0.8120166579743E+002   0.1671640881071E-012
    -2       2    1   1   0.695034800E-09                 233.200000000       9.99962551798         1   0   1 0.1448803401431E-004   0.8120290871265E+002  -0.5420898745906E-011
    -2       2    1   1   0.695034800E-09                 233.700000000       9.99962551223         1   0   1 0.1448803281696E-004   0.8120416265994E+002  -0.6962603240367E-011
    -2       2    1   1   0.695034800E-09                 234.200000000       9.99962550646         1   0   1 0.1448803425378E-004   0.8120540546122E+002  -0.1517485052533E-011
    -2       2    1   1   0.695034800E-09                 234.700000000       9.99962550074         1   0   1 0.1448803305643E-004   0.8120665285056E+002  -0.2964462390423E-011
    -2       2    1   1   0.695034800E-09                 235.200000000       9.99962549544         1   0   1 0.1448802898545E-004   0.8120782483085E+002  -0.4514835014910E-011
    -2       2    1   1   0.695034800E-09                 235.700000000       9.99962548929         1   0   1 0.1448803353537E-004   0.8120913168389E+002   0.2258447232060E-011
    -2       2    1   1   0.695034800E-09                 236.200000000       9.99962548386         1   0   1 0.1448803353537E-004   0.8121030909504E+002  -0.2606938393957E-011
    -2       2    1   1   0.695034800E-09                 236.700000000       9.99962547800         1   0   1 0.1448803401431E-004   0.8121157871622E+002  -0.9423950218674E-011
    -2       2    1   1   0.695034800E-09                 237.200000000       9.99962547270         1   0   1 0.1448803377484E-004   0.8121272913416E+002  -0.3324807039106E-011
    -2       2    1   1   0.695034800E-09                 237.700000000       9.99962546717         1   0   1 0.1448803449325E-004   0.8121392366113E+002  -0.1727240357473E-011
    -2       2    1   1   0.695034800E-09                 238.200000000       9.99962546164         1   0   1 0.1448803257749E-004   0.8121513326881E+002   0.7239344205830E-013
    -2       2    1   1   0.695034800E-09                 238.700000000       9.99962545627         1   0   1 0.1448803329590E-004   0.8121629487121E+002  -0.5026031028909E-012
    -2       2    1   1   0.695034800E-09                 239.200000000       9.99962545069         1   0   1 0.1448803281696E-004   0.8121750682827E+002  -0.1023096320097E-011
    -2       2    1   1   0.695034800E-09                 239.700000000       9.99962544557         1   0   1 0.1448803209855E-004   0.8121862066708E+002  -0.1454299964248E-012
    -2       2    1   1   0.695034800E-09                 240.200000000       9.99962544009         1   0   1 0.1448803233802E-004   0.8121980808918E+002   0.2392023772010E-011
    -2       2    1   1   0.695034800E-09                 240.700000000       9.99962543473         1   0   1 0.1448803257749E-004   0.8122096797499E+002  -0.6917161964100E-011
    -2       2    1   1   0.695034800E-09                 241.200000000       9.99962542929         1   0   1 0.1448803281696E-004   0.8122214697758E+002   0.1463464173867E-011
    -2       2    1   1   0.695034800E-09                 241.700000000       9.99962542411         1   0   1 0.1448803401431E-004   0.8122326447040E+002   0.4228153691740E-011
    -2       2    1   1   0.695034800E-09                 242.200000000       9.99962541929         1   0   1 0.1448802898545E-004   0.8122433799362E+002   0.4460083167306E-011
    -2       2    1   1   0.695034800E-09                 242.700000000       9.99962541377         1   0   1 0.1448803305643E-004   0.8122551172510E+002  -0.6304996495480E-011
    -2       2    1   1   0.695034800E-09                 243.200000000       9.99962540841         1   0   1 0.1448803473272E-004   0.8122666398611E+002  -0.4985763237267E-011
    -2       2    1   1   0.695034800E-09                 243.700000000       9.99962540353         1   0   1 0.1448803329590E-004   0.8122772952468E+002  -0.3014259322014E-011
    -2       2    1   1   0.695034800E-09                 244.200000000       9.99962539855         1   0   1 0.1448803377484E-004   0.8122880737925E+002  -0.6907266307394E-012
    -2       2    1   1   0.695034800E-09                 244.700000000       9.99962539342         1   0   1 0.1448803329590E-004   0.8122992152608E+002   0.2471564314879E-011
    -2       2    1   1   0.695034800E-09                 245.200000000       9.99962538850         1   0   1 0.1448803329590E-004   0.8123098888863E+002   0.8265246420269E-012
    -2       2    1   1   0.695034800E-09                 245.700000000       9.99962538350         1   0   1 0.1448803377484E-004   0.8123207053450E+002   0.2287796280061E-011
    -2       2    1   1   0.695034800E-09                 246.200000000       9.99962537870         1   0   1 0.1448803377484E-004   0.8123311153173E+002   0.2273267898179E-011
    -2       2    1   1   0.695034800E-09                 246.700000000       9.99962537384         1   0   1 0.1448803377484E-004   0.8123416487165E+002  -0.2491325171107E-011
    -2       2    1   1   0.695034800E-09                 247.200000000       9.99962536904         1   0   1 0.1448803257749E-004   0.8123521333498E+002   0.4736340581262E-012
    -2       2    1   1   0.695034800E-09                 247.700000000       9.99962536408         1   0   1 0.1448803353537E-004   0.8123628281949E+002  -0.9069101374122E-011
    -2       2    1   1   0.695034800E-09                 248.200000000       9.99962535974         1   0   1 0.1448802754863E-004   0.8123725845115E+002   0.5467950341567E-011
    -2       2    1   1   0.695034800E-09                 248.700000000       9.99962535511         1   0   1 0.1448803018280E-004   0.8123824805121E+002  -0.1911461968577E-011
    -2       2    1   1   0.695034800E-09                 249.200000000       9.99962535020         1   0   1 0.1448803377484E-004   0.8123929181198E+002   0.1129121284817E-011
    -2       2    1   1   0.695034800E-09                 249.700000000       9.99962534559         1   0   1 0.1448803377484E-004   0.8124029170833E+002   0.5611200175645E-011
    -2       2    1   1   0.695034800E-09                 250.200000000       9.99962534114         1   0   1 0.1448802922492E-004   0.8124128154650E+002  -0.2866023855795E-011
    -2       2    1   1   0.695034800E-09                 250.700000000       9.99962533633         1   0   1 0.1448803449325E-004   0.8124229467525E+002  -0.8281104181421E-011
    -2       2    1   1   0.695034800E-09                 251.200000000       9.99962533188         1   0   1 0.1448803449325E-004   0.8124326133374E+002   0.1014019617517E-011
    -2       2    1   1   0.695034800E-09                 251.700000000       9.99962532759         1   0   1 0.1448803209855E-004   0.8124420361913E+002  -0.5140036868614E-012
    -2       2    1   1   0.695034800E-09                 252.200000000       9.99962532313         1   0   1 0.1448803425378E-004   0.8124515915687E+002   0.4215919964677E-011
    -2       2    1   1   0.695034800E-09                 252.700000000       9.99962531906         1   0   1 0.1448803353537E-004   0.8124604516572E+002  -0.6427712882921E-012
    -2       2    1   1   0.695034800E-09                 253.200000000       9.99962531456         1   0   1 0.1448803425378E-004   0.8124701658501E+002   0.7180586735196E-012
    -2       2    1   1   0.695034800E-09                 253.700000000       9.99962531036         1   0   1 0.1448803353537E-004   0.8124793186545E+002   0.3431577548184E-011
    -2       2    1   1   0.695034800E-09                 254.200000000       9.99962530655         1   0   1 0.1448803185908E-004   0.8124876701428E+002  -0.5617441983898E-011
    -2       2    1   1   0.695034800E-09                 254.700000000       9.99962530235         1   0   1 0.1448803209855E-004   0.8124967713455E+002   0.4309141950347E-011
    -2       2    1   1   0.695034800E-09                 255.200000000       9.99962529830         1   0   1 0.1448803281696E-004   0.8125055153476E+002  -0.8153258293764E-011
    -2       2    1   1   0.695034800E-09                 255.700000000       9.99962529415         1   0   1 0.1448803377484E-004   0.8125144546621E+002   0.3931812773047E-011
    -2       2    1   1   0.695034800E-09                 256.200000000       9.99962529055         1   0   1 0.1448803305643E-004   0.8125222950100E+002   0.4328274112958E-011
    -2       2    1   1   0.695034800E-09                 256.700000000       9.99962528666         1   0   1 0.1448803377484E-004   0.8125306968268E+002   0.9208217057971E-011
    -2       2    1   1   0.695034800E-09                 257.200000000       9.99962528308         1   0   1 0.1448803257749E-004   0.8125385363959E+002  -0.1395119410036E-011
    -2       2    1   1   0.695034800E-09                 257.700000000       9.99962527914         1   0   1 0.1448803353537E-004   0.8125470105439E+002   0.4853985084715E-011
    -2       2    1   1   0.695034800E-09                 258.200000000       9.99962527590         1   0   1 0.1448803305643E-004   0.8125540657324E+002   0.7449289326368E-011
    -2       2    1   1   0.695034800E-09                 258.700000000       9.99962527205         1   0   1 0.1448803521166E-004   0.8125623003405E+002  -0.5816423954949E-011
    -2       2    1   1   0.695034800E-09                 259.200000000       9.99962526895         1   0   1 0.1448803233802E-004   0.8125691745229E+002  -0.3688528514687E-011
    -2       2    1   1   0.695034800E-09                 259.700000000       9.99962526582         1   0   1 0.1448803353537E-004   0.8125759094589E+002  -0.4391751599206E-011
    -2       2    1   1   0.695034800E-09                 260.200000000       9.99962526252         1   0   1 0.1448803425378E-004   0.8125830118368E+002   0.5808312416286E-011
    -2       2    1   1   0.695034800E-09                 260.700000000       9.99962525969         1   0   1 0.1448803353537E-004   0.8125891953114E+002  -0.3739611404535E-011
    -2       2    1   1   0.695034800E-09                 261.200000000       9.99962525679         1   0   1 0.1448803353537E-004   0.8125954818688E+002   0.9034344339227E-012
    -2       2    1   1   0.695034800E-09                 261.700000000       9.99962525386         1   0   1 0.1448803353537E-004   0.8126018424979E+002   0.9127799545752E-011
    -2       2    1   1   0.695034800E-09                 262.200000000       9.99962525213         1   0   1 0.1448802611181E-004   0.8126060081857E+002  -0.5116755567453E-011
    -2       2    1   1   0.695034800E-09                 262.700000000       9.99962524959         1   0   1 0.1448802778810E-004   0.8126114161582E+002   0.3273330563758E-011
    -2       2    1   1   0.695034800E-09                 263.200000000       9.99962524697         1   0   1 0.1448803329590E-004   0.8126167924588E+002  -0.3183820452576E-012
    -2       2    1   1   0.695034800E-09                 263.700000000       9.99962524544         1   0   1 0.1448803114068E-004   0.8126202313888E+002   0.3529929724493E-011
    -2       2    1   1   0.695034800E-09                 264.200000000       9.99962524355         1   0   1 0.1448803257749E-004   0.8126242552954E+002   0.3221383934918E-012
    -2       2    1   1   0.695034800E-09                 264.700000000       9.99962524243         1   0   1 0.1448803425378E-004   0.8126265833244E+002  -0.2146517195756E-011
    -2       2    1   1   0.695034800E-09                 265.200000000       9.99962524223         1   0   1 0.1448803401431E-004   0.8126270272134E+002   0.4892089039886E-011
    -2       2    1   1   0.695034800E-09                 265.700000000       9.99962524252         1   0   1 0.1448803473272E-004   0.8126263489931E+002   0.5636266377375E-011
    -2       2    1   1   0.695034800E-09                 266.200000000       9.99962524421         1   0   1 0.1448803401431E-004   0.8126227250506E+002  -0.9032385486107E-011
    -2       2    1   1   0.695034800E-09                 266.700000000       9.99962525019         1   0   1 0.1448803497219E-004   0.8126097105774E+002   0.2725766842598E-011

  TOTAL CPU =   161.12 SECS   LAST CYCLE =    0.28 SECS   NUSED =    1669
