  23Na-87Rb scattering length of Na|1,0> + Rb|1,-1>                               
  05 May 2021 14:28:56    NSTATE = 64   NQN =  5   NNRG =   1   NFIELD =   247
  JSTATE    -1  -1  -1  -1  -1  -1  -1  -1  -1  -1  -1  -1  -1  -1  -1
  JSTATE    -1  -1  -1  -1  -1  -1  -1  -1  -1  -1  -1  -1  -1  -1  -1
  JSTATE    -1  -1   1   1   1   1   1   1   1   1   1   1   1   1   1
  JSTATE     1   1   1   1   1   1   1   1   1   1   1   1   1   1   1
  JSTATE     1   1   1   1  -3  -3  -3  -3  -3  -3  -3  -3  -1  -1  -1
  JSTATE    -1  -1  -1  -1  -1   1   1   1   1   1   1   1   1   3   3
  JSTATE     3   3   3   3   3   3  -3  -3  -3  -3  -3  -3  -3  -3  -1
  JSTATE    -1  -1  -1  -1  -1  -1  -1   1   1   1   1   1   1   1   1
  JSTATE     3   3   3   3   3   3   3   3  -1  -1  -1  -1   1   1   1
  JSTATE     1  -1  -1  -1  -1   1   1   1   1  -1  -1  -1  -1   1   1
  JSTATE     1   1  -1  -1  -1  -1   1   1   1   1  -1  -1  -1  -1   1
  JSTATE     1   1   1  -1  -1  -1  -1   1   1   1   1  -1  -1  -1  -1
  JSTATE     1   1   1   1  -1  -1  -1  -1   1   1   1   1  -3  -1   1
  JSTATE     3  -3  -1   1   3  -3  -1   1   3  -3  -1   1   3  -3  -1
  JSTATE     1   3  -3  -1   1   3  -3  -1   1   3  -3  -1   1   3  -3
  JSTATE    -1   1   3  -3  -1   1   3  -3  -1   1   3  -3  -1   1   3
  JSTATE    -3  -1   1   3  -3  -1   1   3  -3  -1   1   3  -3  -1   1
  JSTATE     3   0   0   0   0   0   0   0   0   0   0   0   0   0   0
  JSTATE     0   0   0   0   0   0   0   0   0   0   0   0   0   0   0
  JSTATE     0   0   0   0   0   0   0   0   0   0   0   0   0   0   0
  JSTATE     0   0   0   0   0   0   0   0   0   0   0   0   0   0   0
  JSTATE     0   0   0   0   0

  JTOT  IBLOCK  NOP   I    ENERGY(I)/CM-1       MAGNETIC Z FIELD (GAUSS )   EIGENPHASE SUM/PI                                                SCATTERING LENGTH
                                                                                                 CHAN   L POW     WVEC*BOHR             RE(A)/BOHR             IM(A)/BOHR
    -2       2    3   1   0.695034800E-09                 877.000000000       9.93341218301         3   0   1 0.1448803449325E-004   0.8037678484157E+002  -0.1907848789524E+000
    -2       2    3   1   0.695034800E-09                 877.500000000       9.90849322755         3   0   1 0.1448803569060E-004   0.8037595433494E+002  -0.1893740984975E+000
    -2       2    3   1   0.695034800E-09                 878.000000000       9.88804713270         3   0   1 0.1448802922492E-004   0.8037508461991E+002  -0.1880004290989E+000
    -2       2    3   1   0.695034800E-09                 878.500000000       9.87020320712         3   0   1 0.1448803161961E-004   0.8037421905566E+002  -0.1866602199015E+000
    -2       2    3   1   0.695034800E-09                 879.000000000       9.85412458350         3   0   1 0.1448803329590E-004   0.8037341631966E+002  -0.1853512790406E+000
    -2       2    3   1   0.695034800E-09                 879.500000000       9.83935067008         3   0   1 0.1448803497219E-004   0.8037253340711E+002  -0.1840719963459E+000
    -2       2    3   1   0.695034800E-09                 880.000000000       9.82559541116         3   0   1 0.1448803185908E-004   0.8037157041538E+002  -0.1828210438083E+000
    -2       2    3   1   0.695034800E-09                 880.500000000       9.81266616624         3   0   1 0.1448802874598E-004   0.8037067935078E+002  -0.1815972624496E+000
    -2       2    3   1   0.695034800E-09                 881.000000000       9.80042549832         3   0   1 0.1448803449325E-004   0.8036976719203E+002  -0.1803996271338E+000
    -2       2    3   1   0.695034800E-09                 881.500000000       9.78877110149         3   0   1 0.1448802850651E-004   0.8036877350683E+002  -0.1792271965690E+000
    -2       2    3   1   0.695034800E-09                 882.000000000       9.77762433446         3   0   1 0.1448803473272E-004   0.8036791741203E+002  -0.1780790826581E+000
    -2       2    3   1   0.695034800E-09                 882.500000000       9.76692320719         3   0   1 0.1448803377484E-004   0.8036692625356E+002  -0.1769544829359E+000
    -2       2    3   1   0.695034800E-09                 883.000000000       9.75661782822         3   0   1 0.1448802994333E-004   0.8036594117974E+002  -0.1758526158932E+000
    -2       2    3   1   0.695034800E-09                 883.500000000       9.74666732802         3   0   1 0.1448803353537E-004   0.8036496479883E+002  -0.1747727513942E+000
    -2       2    3   1   0.695034800E-09                 884.000000000       9.73703770154         3   0   1 0.1448803425378E-004   0.8036398287943E+002  -0.1737141967648E+000
    -2       2    3   1   0.695034800E-09                 884.500000000       9.72770026092         3   0   1 0.1448802659075E-004   0.8036289076523E+002  -0.1726762964857E+000
    -2       2    3   1   0.695034800E-09                 885.000000000       9.71863050446         3   0   1 0.1448803018280E-004   0.8036191137343E+002  -0.1716584079375E+000
    -2       2    3   1   0.695034800E-09                 885.500000000       9.70980728557         3   0   1 0.1448802802757E-004   0.8036088816102E+002  -0.1706599383307E+000
    -2       2    3   1   0.695034800E-09                 886.000000000       9.70121218045         3   0   1 0.1448803233802E-004   0.8035986943215E+002  -0.1696803081944E+000
    -2       2    3   1   0.695034800E-09                 886.500000000       9.69282901170         3   0   1 0.1448803353537E-004   0.8035889084609E+002  -0.1687189630854E+000
    -2       2    3   1   0.695034800E-09                 887.000000000       9.68464347797         3   0   1 0.1448802898545E-004   0.8035779268085E+002  -0.1677753821225E+000
    -2       2    3   1   0.695034800E-09                 887.500000000       9.67664285781         3   0   1 0.1448803281696E-004   0.8035673697873E+002  -0.1668490479709E+000
    -2       2    3   1   0.695034800E-09                 888.000000000       9.66881577877         3   0   1 0.1448803353537E-004   0.8035566061994E+002  -0.1659394756496E+000
    -2       2    3   1   0.695034800E-09                 888.500000000       9.66115202290         3   0   1 0.1448803425378E-004   0.8035456143583E+002  -0.1650461949901E+000
    -2       2    3   1   0.695034800E-09                 889.000000000       9.65364236917         3   0   1 0.1448803233802E-004   0.8035345576993E+002  -0.1641687535057E+000
    -2       2    3   1   0.695034800E-09                 889.500000000       9.64627846018         3   0   1 0.1448803353537E-004   0.8035241082180E+002  -0.1633067121996E+000
    -2       2    3   1   0.695034800E-09                 890.000000000       9.63905269335         3   0   1 0.1448803161961E-004   0.8035124250828E+002  -0.1624596613703E+000
    -2       2    3   1   0.695034800E-09                 890.500000000       9.63195811888         3   0   1 0.1448803521166E-004   0.8035017748450E+002  -0.1616273205235E+000
    -2       2    3   1   0.695034800E-09                 891.000000000       9.62498838586         3   0   1 0.1448803185908E-004   0.8034898941950E+002  -0.1608089067910E+000
    -2       2    3   1   0.695034800E-09                 891.500000000       9.61813762825         3   0   1 0.1448803401431E-004   0.8034790704735E+002  -0.1600044387322E+000
    -2       2    3   1   0.695034800E-09                 892.000000000       9.61140045313         3   0   1 0.1448803401431E-004   0.8034676799617E+002  -0.1592134256215E+000
    -2       2    3   1   0.695034800E-09                 892.500000000       9.60477186805         3   0   1 0.1448803545113E-004   0.8034559063732E+002  -0.1584355183703E+000
    -2       2    3   1   0.695034800E-09                 893.000000000       9.59824724372         3   0   1 0.1448803377484E-004   0.8034445511792E+002  -0.1576703740210E+000
    -2       2    3   1   0.695034800E-09                 893.500000000       9.59182227775         3   0   1 0.1448803473272E-004   0.8034327964265E+002  -0.1569176703850E+000
    -2       2    3   1   0.695034800E-09                 894.000000000       9.58549296184         3   0   1 0.1448803401431E-004   0.8034214270894E+002  -0.1561770890165E+000
    -2       2    3   1   0.695034800E-09                 894.500000000       9.57925555516         3   0   1 0.1448803473272E-004   0.8034092290241E+002  -0.1554483306559E+000
    -2       2    3   1   0.695034800E-09                 895.000000000       9.57310655805         3   0   1 0.1448803329590E-004   0.8033971999157E+002  -0.1547310959379E+000
    -2       2    3   1   0.695034800E-09                 895.500000000       9.56704269102         3   0   1 0.1448803425378E-004   0.8033852809850E+002  -0.1540251003811E+000
    -2       2    3   1   0.695034800E-09                 896.000000000       9.56106087579         3   0   1 0.1448802802757E-004   0.8033725153175E+002  -0.1533300724853E+000
    -2       2    3   1   0.695034800E-09                 896.500000000       9.55515821514         3   0   1 0.1448803401431E-004   0.8033611124026E+002  -0.1526457349947E+000
    -2       2    3   1   0.695034800E-09                 897.000000000       9.54933198276         3   0   1 0.1448802850651E-004   0.8033484684796E+002  -0.1519718422032E+000
    -2       2    3   1   0.695034800E-09                 897.500000000       9.54357960228         3   0   1 0.1448803545113E-004   0.8033368344352E+002  -0.1513081333304E+000
    -2       2    3   1   0.695034800E-09                 898.000000000       9.53789864222         3   0   1 0.1448802970386E-004   0.8033239858100E+002  -0.1506543761336E+000
    -2       2    3   1   0.695034800E-09                 898.500000000       9.53228679830         3   0   1 0.1448803185908E-004   0.8033116267157E+002  -0.1500103290445E+000
    -2       2    3   1   0.695034800E-09                 899.000000000       9.52674188775         3   0   1 0.1448803353537E-004   0.8032997095291E+002  -0.1493757638769E+000
    -2       2    3   1   0.695034800E-09                 899.500000000       9.52126184032         3   0   1 0.1448803377484E-004   0.8032869470193E+002  -0.1487504668918E+000
    -2       2    3   1   0.695034800E-09                 900.000000000       9.51584468813         3   0   1 0.1448802754863E-004   0.8032740385478E+002  -0.1481342223930E+000
    -2       2    3   1   0.695034800E-09                 900.500000000       9.51048855943         3   0   1 0.1448803545113E-004   0.8032618431970E+002  -0.1475268279820E+000
    -2       2    3   1   0.695034800E-09                 901.000000000       9.50519167414         3   0   1 0.1448803401431E-004   0.8032491966614E+002  -0.1469280530361E+000
    -2       2    3   1   0.695034800E-09                 901.500000000       9.49995233587         3   0   1 0.1448803281696E-004   0.8032362431715E+002  -0.1463377398119E+000
    -2       2    3   1   0.695034800E-09                 902.000000000       9.49476892686         3   0   1 0.1448803281696E-004   0.8032235335683E+002  -0.1457556835524E+000
    -2       2    3   1   0.695034800E-09                 902.500000000       9.48963990413         3   0   1 0.1448803233802E-004   0.8032107201939E+002  -0.1451817020421E+000
    -2       2    3   1   0.695034800E-09                 903.000000000       9.48456379415         3   0   1 0.1448803114068E-004   0.8031975546409E+002  -0.1446156182930E+000
    -2       2    3   1   0.695034800E-09                 903.500000000       9.47953918844         3   0   1 0.1448803521166E-004   0.8031848624923E+002  -0.1440572555295E+000
    -2       2    3   1   0.695034800E-09                 904.000000000       9.47456474094         3   0   1 0.1448803449325E-004   0.8031716370034E+002  -0.1435064498735E+000
    -2       2    3   1   0.695034800E-09                 904.500000000       9.46963916303         3   0   1 0.1448803018280E-004   0.8031582828702E+002  -0.1429630361105E+000
    -2       2    3   1   0.695034800E-09                 905.000000000       9.46476121940         3   0   1 0.1448803473272E-004   0.8031462049978E+002  -0.1424268496407E+000
    -2       2    3   1   0.695034800E-09                 905.500000000       9.45992972903         3   0   1 0.1448803138014E-004   0.8031320993170E+002  -0.1418977504216E+000
    -2       2    3   1   0.695034800E-09                 906.000000000       9.45514355518         3   0   1 0.1448803497219E-004   0.8031192965321E+002  -0.1413755742335E+000
    -2       2    3   1   0.695034800E-09                 906.500000000       9.45040160943         3   0   1 0.1448803329590E-004   0.8031061153218E+002  -0.1408601822471E+000
    -2       2    3   1   0.695034800E-09                 907.000000000       9.44570284476         3   0   1 0.1448803521166E-004   0.8030930421819E+002  -0.1403514312437E+000
    -2       2    3   1   0.695034800E-09                 907.500000000       9.44104625544         3   0   1 0.1448803090121E-004   0.8030787516781E+002  -0.1398491883013E+000
    -2       2    3   1   0.695034800E-09                 908.000000000       9.43643087229         3   0   1 0.1448802730916E-004   0.8030649678969E+002  -0.1393533123052E+000
    -2       2    3   1   0.695034800E-09                 908.500000000       9.43185576225         3   0   1 0.1448803257749E-004   0.8030520331947E+002  -0.1388636716254E+000
    -2       2    3   1   0.695034800E-09                 909.000000000       9.42732002789         3   0   1 0.1448803281696E-004   0.8030384605996E+002  -0.1383801449839E+000
    -2       2    3   1   0.695034800E-09                 909.500000000       9.42282280272         3   0   1 0.1448802946439E-004   0.8030245822308E+002  -0.1379026078937E+000
    -2       2    3   1   0.695034800E-09                 910.000000000       9.41836324996         3   0   1 0.1448803257749E-004   0.8030118496083E+002  -0.1374309338427E+000
    -2       2    3   1   0.695034800E-09                 910.500000000       9.41394056413         3   0   1 0.1448803209855E-004   0.8029976340357E+002  -0.1369650167012E+000
    -2       2    3   1   0.695034800E-09                 911.000000000       9.40955396468         3   0   1 0.1448803449325E-004   0.8029844549372E+002  -0.1365047322414E+000
    -2       2    3   1   0.695034800E-09                 911.500000000       9.40520270026         3   0   1 0.1448802395658E-004   0.8029692244139E+002  -0.1360499816861E+000
    -2       2    3   1   0.695034800E-09                 912.000000000       9.40088604001         3   0   1 0.1448803138014E-004   0.8029563986043E+002  -0.1356006384129E+000
    -2       2    3   1   0.695034800E-09                 912.500000000       9.39660328190         3   0   1 0.1448803114068E-004   0.8029426160233E+002  -0.1351566115042E+000
    -2       2    3   1   0.695034800E-09                 913.000000000       9.39235374383         3   0   1 0.1448803329590E-004   0.8029287418514E+002  -0.1347177941859E+000
    -2       2    3   1   0.695034800E-09                 913.500000000       9.38813676615         3   0   1 0.1448803257749E-004   0.8029147780173E+002  -0.1342840864015E+000
    -2       2    3   1   0.695034800E-09                 914.000000000       9.38395170987         3   0   1 0.1448803449325E-004   0.8029010690478E+002  -0.1338553895635E+000
    -2       2    3   1   0.695034800E-09                 914.500000000       9.37979795641         3   0   1 0.1448803185908E-004   0.8028870293389E+002  -0.1334316103608E+000
    -2       2    3   1   0.695034800E-09                 915.000000000       9.37567490566         3   0   1 0.1448803377484E-004   0.8028725636432E+002  -0.1330126568058E+000
    -2       2    3   1   0.695034800E-09                 915.500000000       9.37158197570         3   0   1 0.1448803353537E-004   0.8028588892919E+002  -0.1325984334608E+000
    -2       2    3   1   0.695034800E-09                 916.000000000       9.36751860365         3   0   1 0.1448802611181E-004   0.8028436847797E+002  -0.1321888617122E+000
    -2       2    3   1   0.695034800E-09                 916.500000000       9.36348424057         3   0   1 0.1448802611181E-004   0.8028294519459E+002  -0.1317838447324E+000
    -2       2    3   1   0.695034800E-09                 917.000000000       9.35947835536         3   0   1 0.1448803449325E-004   0.8028160394015E+002  -0.1313833002270E+000
    -2       2    3   1   0.695034800E-09                 917.500000000       9.35550043319         3   0   1 0.1448803616954E-004   0.8028020361780E+002  -0.1309871510955E+000
    -2       2    3   1   0.695034800E-09                 918.000000000       9.35154997301         3   0   1 0.1448803640901E-004   0.8027876626244E+002  -0.1305953168347E+000
    -2       2    3   1   0.695034800E-09                 918.500000000       9.34762648772         3   0   1 0.1448803353537E-004   0.8027736091336E+002  -0.1302077168631E+000
    -2       2    3   1   0.695034800E-09                 919.000000000       9.34372950470         3   0   1 0.1448803545113E-004   0.8027589735570E+002  -0.1298242782887E+000
    -2       2    3   1   0.695034800E-09                 919.500000000       9.33985856387         3   0   1 0.1448803497219E-004   0.8027444175061E+002  -0.1294449242004E+000
    -2       2    3   1   0.695034800E-09                 920.000000000       9.33601321874         3   0   1 0.1448802754863E-004   0.8027293083744E+002  -0.1290695846355E+000
    -2       2    3   1   0.695034800E-09                 920.500000000       9.33219303296         3   0   1 0.1448803401431E-004   0.8027155364498E+002  -0.1286981812233E+000
    -2       2    3   1   0.695034800E-09                 921.000000000       9.32839758522         3   0   1 0.1448803018280E-004   0.8027005498522E+002  -0.1283306544300E+000
    -2       2    3   1   0.695034800E-09                 921.500000000       9.32462646257         3   0   1 0.1448803377484E-004   0.8026864105916E+002  -0.1279669290957E+000
    -2       2    3   1   0.695034800E-09                 922.000000000       9.32087926564         3   0   1 0.1448802587234E-004   0.8026709977118E+002  -0.1276069469162E+000
    -2       2    3   1   0.695034800E-09                 922.500000000       9.31715560241         3   0   1 0.1448803233802E-004   0.8026572345697E+002  -0.1272506321545E+000
    -2       2    3   1   0.695034800E-09                 923.000000000       9.31345509451         3   0   1 0.1448803401431E-004   0.8026425871609E+002  -0.1268979314376E+000
    -2       2    3   1   0.695034800E-09                 923.500000000       9.30977737202         3   0   1 0.1448802754863E-004   0.8026273400769E+002  -0.1265487821035E+000
    -2       2    3   1   0.695034800E-09                 924.000000000       9.30612207279         3   0   1 0.1448803042227E-004   0.8026137504694E+002  -0.1262031151784E+000
    -2       2    3   1   0.695034800E-09                 924.500000000       9.30248884764         3   0   1 0.1448802874598E-004   0.8025983208733E+002  -0.1258608850401E+000
    -2       2    3   1   0.695034800E-09                 925.000000000       9.29887735246         3   0   1 0.1448803353537E-004   0.8025838215504E+002  -0.1255220235798E+000
    -2       2    3   1   0.695034800E-09                 925.500000000       9.29528725397         3   0   1 0.1448803521166E-004   0.8025694453340E+002  -0.1251864772344E+000
    -2       2    3   1   0.695034800E-09                 926.000000000       9.29171822724         3   0   1 0.1448803281696E-004   0.8025540748005E+002  -0.1248541956009E+000
    -2       2    3   1   0.695034800E-09                 926.500000000       9.28816995364         3   0   1 0.1448803497219E-004   0.8025392951307E+002  -0.1245251179841E+000
    -2       2    3   1   0.695034800E-09                 927.000000000       9.28464212406         3   0   1 0.1448803090121E-004   0.8025240424230E+002  -0.1241991971282E+000
    -2       2    3   1   0.695034800E-09                 927.500000000       9.28113443545         3   0   1 0.1448803066174E-004   0.8025088893589E+002  -0.1238763782194E+000
    -2       2    3   1   0.695034800E-09                 928.000000000       9.27764659260         3   0   1 0.1448802826704E-004   0.8024940706898E+002  -0.1235566099450E+000
    -2       2    3   1   0.695034800E-09                 928.500000000       9.27417830690         3   0   1 0.1448803209855E-004   0.8024795856709E+002  -0.1232398431142E+000
    -2       2    3   1   0.695034800E-09                 929.000000000       9.27072929721         3   0   1 0.1448803473272E-004   0.8024644889064E+002  -0.1229260331115E+000
    -2       2    3   1   0.695034800E-09                 929.500000000       9.26729928817         3   0   1 0.1448803329590E-004   0.8024495241688E+002  -0.1226151297471E+000
    -2       2    3   1   0.695034800E-09                 930.000000000       9.26388801079         3   0   1 0.1448803233802E-004   0.8024341007095E+002  -0.1223070888450E+000
    -2       2    3   1   0.695034800E-09                 930.500000000       9.26049520163         3   0   1 0.1448803377484E-004   0.8024191440238E+002  -0.1220018617594E+000
    -2       2    3   1   0.695034800E-09                 931.000000000       9.25712060379         3   0   1 0.1448803473272E-004   0.8024043361466E+002  -0.1216994049797E+000
    -2       2    3   1   0.695034800E-09                 931.500000000       9.25376396590         3   0   1 0.1448803473272E-004   0.8023892798028E+002  -0.1213996771948E+000
    -2       2    3   1   0.695034800E-09                 932.000000000       9.25042504174         3   0   1 0.1448803377484E-004   0.8023743345453E+002  -0.1211026341573E+000
    -2       2    3   1   0.695034800E-09                 932.500000000       9.24710359069         3   0   1 0.1448803545113E-004   0.8023587833209E+002  -0.1208082367330E+000
    -2       2    3   1   0.695034800E-09                 933.000000000       9.24379937722         3   0   1 0.1448803114068E-004   0.8023430986975E+002  -0.1205164425041E+000
    -2       2    3   1   0.695034800E-09                 933.500000000       9.24051216985         3   0   1 0.1448803377484E-004   0.8023280627337E+002  -0.1202272088061E+000
    -2       2    3   1   0.695034800E-09                 934.000000000       9.23724174316         3   0   1 0.1448803281696E-004   0.8023133394358E+002  -0.1199404973348E+000
    -2       2    3   1   0.695034800E-09                 934.500000000       9.23398787698         3   0   1 0.1448802683022E-004   0.8022969763080E+002  -0.1196562773536E+000
    -2       2    3   1   0.695034800E-09                 935.000000000       9.23075035261         3   0   1 0.1448803329590E-004   0.8022823005236E+002  -0.1193744986925E+000
    -2       2    3   1   0.695034800E-09                 935.500000000       9.22752895953         3   0   1 0.1448803377484E-004   0.8022668539821E+002  -0.1190951336206E+000
    -2       2    3   1   0.695034800E-09                 936.000000000       9.22432348923         3   0   1 0.1448803353537E-004   0.8022518222064E+002  -0.1188181417727E+000
    -2       2    3   1   0.695034800E-09                 936.500000000       9.22113373890         3   0   1 0.1448802587234E-004   0.8022355206135E+002  -0.1185434937550E+000
    -2       2    3   1   0.695034800E-09                 937.000000000       9.21795950720         3   0   1 0.1448803185908E-004   0.8022207428245E+002  -0.1182711448585E+000
    -2       2    3   1   0.695034800E-09                 937.500000000       9.21480060016         3   0   1 0.1448803018280E-004   0.8022052256805E+002  -0.1180010695434E+000
    -2       2    3   1   0.695034800E-09                 938.000000000       9.21165682534         3   0   1 0.1448803305643E-004   0.8021896311329E+002  -0.1177332315236E+000
    -2       2    3   1   0.695034800E-09                 938.500000000       9.20852799497         3   0   1 0.1448803305643E-004   0.8021743879219E+002  -0.1174675969032E+000
    -2       2    3   1   0.695034800E-09                 939.000000000       9.20541392504         3   0   1 0.1448802898545E-004   0.8021584481938E+002  -0.1172041369940E+000
    -2       2    3   1   0.695034800E-09                 939.500000000       9.20231443412         3   0   1 0.1448803473272E-004   0.8021432969288E+002  -0.1169428157270E+000
    -2       2    3   1   0.695034800E-09                 940.000000000       9.19922934612         3   0   1 0.1448803281696E-004   0.8021273364189E+002  -0.1166836074259E+000
    -2       2    3   1   0.695034800E-09                 940.500000000       9.19615848630         3   0   1 0.1448803185908E-004   0.8021120621511E+002  -0.1164264769332E+000
    -2       2    3   1   0.695034800E-09                 941.000000000       9.19310168521         3   0   1 0.1448802778810E-004   0.8020957587704E+002  -0.1161714001479E+000
    -2       2    3   1   0.695034800E-09                 941.500000000       9.19005877401         3   0   1 0.1448803257749E-004   0.8020812064875E+002  -0.1159183384851E+000
    -2       2    3   1   0.695034800E-09                 942.000000000       9.18702959030         3   0   1 0.1448803329590E-004   0.8020654818941E+002  -0.1156672737854E+000
    -2       2    3   1   0.695034800E-09                 942.500000000       9.18401397279         3   0   1 0.1448803209855E-004   0.8020491990071E+002  -0.1154181754569E+000
    -2       2    3   1   0.695034800E-09                 943.000000000       9.18101176278         3   0   1 0.1448803233802E-004   0.8020336518172E+002  -0.1151710118110E+000
    -2       2    3   1   0.695034800E-09                 943.500000000       9.17802280545         3   0   1 0.1448803473272E-004   0.8020182588544E+002  -0.1149257577991E+000
    -2       2    3   1   0.695034800E-09                 944.000000000       9.17504694899         3   0   1 0.1448803329590E-004   0.8020023860958E+002  -0.1146823892380E+000
    -2       2    3   1   0.695034800E-09                 944.500000000       9.17208404332         3   0   1 0.1448803353537E-004   0.8019869137146E+002  -0.1144408768458E+000
    -2       2    3   1   0.695034800E-09                 945.000000000       9.16913394230         3   0   1 0.1448803497219E-004   0.8019709985377E+002  -0.1142011985940E+000
    -2       2    3   1   0.695034800E-09                 945.500000000       9.16619650171         3   0   1 0.1448802611181E-004   0.8019544109235E+002  -0.1139633286544E+000
    -2       2    3   1   0.695034800E-09                 946.000000000       9.16327157873         3   0   1 0.1448803233802E-004   0.8019393953234E+002  -0.1137272365299E+000
    -2       2    3   1   0.695034800E-09                 946.500000000       9.16035903595         3   0   1 0.1448803329590E-004   0.8019233312013E+002  -0.1134929061484E+000
    -2       2    3   1   0.695034800E-09                 947.000000000       9.15745873605         3   0   1 0.1448803473272E-004   0.8019079215457E+002  -0.1132603082568E+000
    -2       2    3   1   0.695034800E-09                 947.500000000       9.15457054471         3   0   1 0.1448803305643E-004   0.8018915620223E+002  -0.1130294246202E+000
    -2       2    3   1   0.695034800E-09                 948.000000000       9.15169433018         3   0   1 0.1448803473272E-004   0.8018757097648E+002  -0.1128002281025E+000
    -2       2    3   1   0.695034800E-09                 948.500000000       9.14882996289         3   0   1 0.1448803305643E-004   0.8018598365357E+002  -0.1125726975258E+000
    -2       2    3   1   0.695034800E-09                 949.000000000       9.14597731589         3   0   1 0.1448802611181E-004   0.8018430825650E+002  -0.1123468135796E+000
    -2       2    3   1   0.695034800E-09                 949.500000000       9.14313626241         3   0   1 0.1448803329590E-004   0.8018279217901E+002  -0.1121225465914E+000
    -2       2    3   1   0.695034800E-09                 950.000000000       9.14030668124         3   0   1 0.1448803114068E-004   0.8018116165214E+002  -0.1118998843190E+000
    -2       2    3   1   0.695034800E-09                 950.500000000       9.13748845051         3   0   1 0.1448802802757E-004   0.8017951835710E+002  -0.1116788023829E+000
    -2       2    3   1   0.695034800E-09                 951.000000000       9.13468145074         3   0   1 0.1448803161961E-004   0.8017797840555E+002  -0.1114592764073E+000
    -2       2    3   1   0.695034800E-09                 951.500000000       9.13188556602         3   0   1 0.1448802850651E-004   0.8017635423354E+002  -0.1112412923712E+000
    -2       2    3   1   0.695034800E-09                 952.000000000       9.12910068062         3   0   1 0.1448802922492E-004   0.8017474745605E+002  -0.1110248270741E+000
    -2       2    3   1   0.695034800E-09                 952.500000000       9.12632668167         3   0   1 0.1448802946439E-004   0.8017312944771E+002  -0.1108098619842E+000
    -2       2    3   1   0.695034800E-09                 953.000000000       9.12356345731         3   0   1 0.1448803449325E-004   0.8017157680305E+002  -0.1105963753735E+000
    -2       2    3   1   0.695034800E-09                 953.500000000       9.12081089922         3   0   1 0.1448803042227E-004   0.8016994240492E+002  -0.1103843531870E+000
    -2       2    3   1   0.695034800E-09                 954.000000000       9.11806889902         3   0   1 0.1448802802757E-004   0.8016830764255E+002  -0.1101737741461E+000
    -2       2    3   1   0.695034800E-09                 954.500000000       9.11533735074         3   0   1 0.1448802754863E-004   0.8016666951266E+002  -0.1099646201469E+000
    -2       2    3   1   0.695034800E-09                 955.000000000       9.11261614938         3   0   1 0.1448803257749E-004   0.8016518394324E+002  -0.1097568682826E+000
    -2       2    3   1   0.695034800E-09                 955.500000000       9.10990519430         3   0   1 0.1448803305643E-004   0.8016348266133E+002  -0.1095505127509E+000
    -2       2    3   1   0.695034800E-09                 956.000000000       9.10720438267         3   0   1 0.1448803545113E-004   0.8016193022749E+002  -0.1093455246414E+000
    -2       2    3   1   0.695034800E-09                 956.500000000       9.10451361648         3   0   1 0.1448803497219E-004   0.8016026222276E+002  -0.1091418953096E+000
    -2       2    3   1   0.695034800E-09                 957.000000000       9.10183279721         3   0   1 0.1448803329590E-004   0.8015863999878E+002  -0.1089396024857E+000
    -2       2    3   1   0.695034800E-09                 957.500000000       9.09916182831         3   0   1 0.1448803377484E-004   0.8015705650757E+002  -0.1087386307419E+000
    -2       2    3   1   0.695034800E-09                 958.000000000       9.09650061570         3   0   1 0.1448803449325E-004   0.8015540145637E+002  -0.1085389668635E+000
    -2       2    3   1   0.695034800E-09                 958.500000000       9.09384906559         3   0   1 0.1448803473272E-004   0.8015376130384E+002  -0.1083405918891E+000
    -2       2    3   1   0.695034800E-09                 959.000000000       9.09120708648         3   0   1 0.1448802826704E-004   0.8015207945179E+002  -0.1081434924877E+000
    -2       2    3   1   0.695034800E-09                 959.500000000       9.08857458684         3   0   1 0.1448803185908E-004   0.8015047809388E+002  -0.1079476490913E+000
    -2       2    3   1   0.695034800E-09                 960.000000000       9.08595147805         3   0   1 0.1448803545113E-004   0.8014887889898E+002  -0.1077530487559E+000
    -2       2    3   1   0.695034800E-09                 960.500000000       9.08333767259         3   0   1 0.1448803377484E-004   0.8014724324876E+002  -0.1075596781232E+000
    -2       2    3   1   0.695034800E-09                 961.000000000       9.08073308408         3   0   1 0.1448802587234E-004   0.8014554368022E+002  -0.1073675233429E+000
    -2       2    3   1   0.695034800E-09                 961.500000000       9.07813762618         3   0   1 0.1448802802757E-004   0.8014392285412E+002  -0.1071765653293E+000
    -2       2    3   1   0.695034800E-09                 962.000000000       9.07555121510         3   0   1 0.1448803425378E-004   0.8014235629777E+002  -0.1069867905809E+000
    -2       2    3   1   0.695034800E-09                 962.500000000       9.07297376899         3   0   1 0.1448803329590E-004   0.8014070330315E+002  -0.1067981897978E+000
    -2       2    3   1   0.695034800E-09                 963.000000000       9.07040520578         3   0   1 0.1448803281696E-004   0.8013903023246E+002  -0.1066107467489E+000
    -2       2    3   1   0.695034800E-09                 963.500000000       9.06784544451         3   0   1 0.1448803329590E-004   0.8013743262021E+002  -0.1064244449701E+000
    -2       2    3   1   0.695034800E-09                 964.000000000       9.06529440661         3   0   1 0.1448803138014E-004   0.8013578928095E+002  -0.1062392751149E+000
    -2       2    3   1   0.695034800E-09                 964.500000000       9.06275201351         3   0   1 0.1448803569060E-004   0.8013414779444E+002  -0.1060552221893E+000
    -2       2    3   1   0.695034800E-09                 965.000000000       9.06021818926         3   0   1 0.1448802587234E-004   0.8013238129553E+002  -0.1058722777363E+000
    -2       2    3   1   0.695034800E-09                 965.500000000       9.05769285545         3   0   1 0.1448803521166E-004   0.8013082631316E+002  -0.1056904179600E+000
    -2       2    3   1   0.695034800E-09                 966.000000000       9.05517593962         3   0   1 0.1448803209855E-004   0.8012914893943E+002  -0.1055096411854E+000
    -2       2    3   1   0.695034800E-09                 966.500000000       9.05266736672         3   0   1 0.1448803425378E-004   0.8012751465027E+002  -0.1053299293880E+000
    -2       2    3   1   0.695034800E-09                 967.000000000       9.05016706425         3   0   1 0.1448803521166E-004   0.8012587372003E+002  -0.1051512723586E+000
    -2       2    3   1   0.695034800E-09                 967.500000000       9.04767496057         3   0   1 0.1448803353537E-004   0.8012421234889E+002  -0.1049736583476E+000
    -2       2    3   1   0.695034800E-09                 968.000000000       9.04519098457         3   0   1 0.1448803353537E-004   0.8012256849216E+002  -0.1047970744399E+000
    -2       2    3   1   0.695034800E-09                 968.500000000       9.04271506680         3   0   1 0.1448803114068E-004   0.8012088423420E+002  -0.1046215111594E+000
    -2       2    3   1   0.695034800E-09                 969.000000000       9.04024713778         3   0   1 0.1448803377484E-004   0.8011923043679E+002  -0.1044469541995E+000
    -2       2    3   1   0.695034800E-09                 969.500000000       9.03778712990         3   0   1 0.1448803473272E-004   0.8011758129371E+002  -0.1042733934487E+000
    -2       2    3   1   0.695034800E-09                 970.000000000       9.03533497627         3   0   1 0.1448803257749E-004   0.8011590629619E+002  -0.1041008188401E+000
    -2       2    3   1   0.695034800E-09                 970.500000000       9.03289061032         3   0   1 0.1448803449325E-004   0.8011425691135E+002  -0.1039292176383E+000
    -2       2    3   1   0.695034800E-09                 971.000000000       9.03045396779         3   0   1 0.1448802587234E-004   0.8011250808569E+002  -0.1037585830955E+000
    -2       2    3   1   0.695034800E-09                 971.500000000       9.02802498232         3   0   1 0.1448803209855E-004   0.8011092847798E+002  -0.1035888961632E+000
    -2       2    3   1   0.695034800E-09                 972.000000000       9.02560359179         3   0   1 0.1448803473272E-004   0.8010931359312E+002  -0.1034201526938E+000
    -2       2    3   1   0.695034800E-09                 972.500000000       9.02318973397         3   0   1 0.1448803209855E-004   0.8010757479639E+002  -0.1032523451988E+000
    -2       2    3   1   0.695034800E-09                 973.000000000       9.02078334590         3   0   1 0.1448803042227E-004   0.8010590520240E+002  -0.1030854576515E+000
    -2       2    3   1   0.695034800E-09                 973.500000000       9.01838436628         3   0   1 0.1448803473272E-004   0.8010432517471E+002  -0.1029194792256E+000
    -2       2    3   1   0.695034800E-09                 974.000000000       9.01599273618         3   0   1 0.1448803473272E-004   0.8010258799701E+002  -0.1027544077713E+000
    -2       2    3   1   0.695034800E-09                 974.500000000       9.01360839497         3   0   1 0.1448803401431E-004   0.8010091496897E+002  -0.1025902266820E+000
    -2       2    3   1   0.695034800E-09                 975.000000000       9.01123128423         3   0   1 0.1448803305643E-004   0.8009922508067E+002  -0.1024269281642E+000
    -2       2    3   1   0.695034800E-09                 975.500000000       9.00886134612         3   0   1 0.1448802706969E-004   0.8009750078227E+002  -0.1022645056116E+000
    -2       2    3   1   0.695034800E-09                 976.000000000       9.00649852228         3   0   1 0.1448803401431E-004   0.8009588125506E+002  -0.1021029430898E+000
    -2       2    3   1   0.695034800E-09                 976.500000000       9.00414275753         3   0   1 0.1448803018280E-004   0.8009419012904E+002  -0.1019422378031E+000
    -2       2    3   1   0.695034800E-09                 977.000000000       9.00179399559         3   0   1 0.1448802611181E-004   0.8009245117925E+002  -0.1017823796522E+000
    -2       2    3   1   0.695034800E-09                 977.500000000       8.99945218042         3   0   1 0.1448803161961E-004   0.8009080388392E+002  -0.1016233556171E+000
    -2       2    3   1   0.695034800E-09                 978.000000000       8.99711725897         3   0   1 0.1448802395658E-004   0.8008905914343E+002  -0.1014651627756E+000
    -2       2    3   1   0.695034800E-09                 978.500000000       8.99478917547         3   0   1 0.1448803090121E-004   0.8008747408152E+002  -0.1013077844339E+000
    -2       2    3   1   0.695034800E-09                 979.000000000       8.99246787846         3   0   1 0.1448803353537E-004   0.8008579160470E+002  -0.1011512200763E+000
    -2       2    3   1   0.695034800E-09                 979.500000000       8.99015331497         3   0   1 0.1448803185908E-004   0.8008410074411E+002  -0.1009954582675E+000
    -2       2    3   1   0.695034800E-09                 980.000000000       8.98784543286         3   0   1 0.1448803257749E-004   0.8008242143901E+002  -0.1008404905688E+000
    -2       2    3   1   0.695034800E-09                 980.500000000       8.98554418113         3   0   1 0.1448803018280E-004   0.8008073006572E+002  -0.1006863091227E+000
    -2       2    3   1   0.695034800E-09                 981.000000000       8.98324950863         3   0   1 0.1448803449325E-004   0.8007908227577E+002  -0.1005329041518E+000
    -2       2    3   1   0.695034800E-09                 981.500000000       8.98096136596         3   0   1 0.1448803521166E-004   0.8007739021409E+002  -0.1003802705760E+000
    -2       2    3   1   0.695034800E-09                 982.000000000       8.97867970346         3   0   1 0.1448803521166E-004   0.8007568722597E+002  -0.1002283995121E+000
    -2       2    3   1   0.695034800E-09                 982.500000000       8.97640447223         3   0   1 0.1448803377484E-004   0.8007397766245E+002  -0.1000772826847E+000
    -2       2    3   1   0.695034800E-09                 983.000000000       8.97413562365         3   0   1 0.1448803521166E-004   0.8007232875008E+002  -0.9992691088013E-001
    -2       2    3   1   0.695034800E-09                 983.500000000       8.97187311080         3   0   1 0.1448803305643E-004   0.8007059582441E+002  -0.9977728069482E-001
    -2       2    3   1   0.695034800E-09                 984.000000000       8.96961688561         3   0   1 0.1448803473272E-004   0.8006895279871E+002  -0.9962837956185E-001
    -2       2    3   1   0.695034800E-09                 984.500000000       8.96736690247         3   0   1 0.1448803305643E-004   0.8006720942990E+002  -0.9948020566600E-001
    -2       2    3   1   0.695034800E-09                 985.000000000       8.96512311460         3   0   1 0.1448803473272E-004   0.8006550785599E+002  -0.9933274776985E-001
    -2       2    3   1   0.695034800E-09                 985.500000000       8.96288547681         3   0   1 0.1448803449325E-004   0.8006381258551E+002  -0.9918599965256E-001
    -2       2    3   1   0.695034800E-09                 986.000000000       8.96065394403         3   0   1 0.1448803353537E-004   0.8006211930184E+002  -0.9903995426950E-001
    -2       2    3   1   0.695034800E-09                 986.500000000       8.95842847248         3   0   1 0.1448802683022E-004   0.8006034032946E+002  -0.9889460745239E-001
    -2       2    3   1   0.695034800E-09                 987.000000000       8.95620901635         3   0   1 0.1448803425378E-004   0.8005875955411E+002  -0.9874994381330E-001
    -2       2    3   1   0.695034800E-09                 987.500000000       8.95399553491         3   0   1 0.1448802706969E-004   0.8005694487922E+002  -0.9860596949643E-001
    -2       2    3   1   0.695034800E-09                 988.000000000       8.95178798271         3   0   1 0.1448803473272E-004   0.8005530873666E+002  -0.9846266537174E-001
    -2       2    3   1   0.695034800E-09                 988.500000000       8.94958631930         3   0   1 0.1448802802757E-004   0.8005357248648E+002  -0.9832003341356E-001
    -2       2    3   1   0.695034800E-09                 989.000000000       8.94739050130         3   0   1 0.1448803305643E-004   0.8005191364004E+002  -0.9817806133936E-001
    -2       2    3   1   0.695034800E-09                 989.500000000       8.94520048867         3   0   1 0.1448803066174E-004   0.8005014418118E+002  -0.9803674909678E-001
    -2       2    3   1   0.695034800E-09                 990.000000000       8.94301623931         3   0   1 0.1448802802757E-004   0.8004845187264E+002  -0.9789608400481E-001
    -2       2    3   1   0.695034800E-09                 990.500000000       8.94083771284         3   0   1 0.1448803353537E-004   0.8004678618912E+002  -0.9775606175872E-001
    -2       2    3   1   0.695034800E-09                 991.000000000       8.93866486979         3   0   1 0.1448803497219E-004   0.8004507184568E+002  -0.9761667830897E-001
    -2       2    3   1   0.695034800E-09                 991.500000000       8.93649767049         3   0   1 0.1448803114068E-004   0.8004332472855E+002  -0.9747792653702E-001
    -2       2    3   1   0.695034800E-09                 992.000000000       8.93433607508         3   0   1 0.1448803329590E-004   0.8004166013635E+002  -0.9733979767765E-001
    -2       2    3   1   0.695034800E-09                 992.500000000       8.93218004568         3   0   1 0.1448803377484E-004   0.8003996530836E+002  -0.9720228931798E-001
    -2       2    3   1   0.695034800E-09                 993.000000000       8.93002954426         3   0   1 0.1448803161961E-004   0.8003817496242E+002  -0.9706539751995E-001
    -2       2    3   1   0.695034800E-09                 993.500000000       8.92788453195         3   0   1 0.1448803329590E-004   0.8003648628057E+002  -0.9692910948144E-001
    -2       2    3   1   0.695034800E-09                 994.000000000       8.92574497171         3   0   1 0.1448802635128E-004   0.8003469744414E+002  -0.9679342473450E-001
    -2       2    3   1   0.695034800E-09                 994.500000000       8.92361082662         3   0   1 0.1448803305643E-004   0.8003305194688E+002  -0.9665833520814E-001
    -2       2    3   1   0.695034800E-09                 995.000000000       8.92148206034         3   0   1 0.1448803209855E-004   0.8003133956270E+002  -0.9652383717640E-001
    -2       2    3   1   0.695034800E-09                 995.500000000       8.91935863604         3   0   1 0.1448803449325E-004   0.8002964318272E+002  -0.9638992283176E-001
    -2       2    3   1   0.695034800E-09                 996.000000000       8.91724051846         3   0   1 0.1448803401431E-004   0.8002792884840E+002  -0.9625658872176E-001
    -2       2    3   1   0.695034800E-09                 996.500000000       8.91512767221         3   0   1 0.1448803425378E-004   0.8002618750216E+002  -0.9612383010002E-001
    -2       2    3   1   0.695034800E-09                 997.000000000       8.91302006184         3   0   1 0.1448803545113E-004   0.8002447463673E+002  -0.9599163944300E-001
    -2       2    3   1   0.695034800E-09                 997.500000000       8.91091765343         3   0   1 0.1448802754863E-004   0.8002269011073E+002  -0.9586001446773E-001
    -2       2    3   1   0.695034800E-09                 998.000000000       8.90882041115         3   0   1 0.1448803473272E-004   0.8002103848851E+002  -0.9572894440639E-001
    -2       2    3   1   0.695034800E-09                 998.500000000       8.90672830289         3   0   1 0.1448803090121E-004   0.8001927085040E+002  -0.9559843098362E-001
    -2       2    3   1   0.695034800E-09                 999.000000000       8.90464129366         3   0   1 0.1448803473272E-004   0.8001758107060E+002  -0.9546846362822E-001
    -2       2    3   1   0.695034800E-09                 999.500000000       8.90255935116         3   0   1 0.1448803329590E-004   0.8001584053612E+002  -0.9533904124573E-001
    -2       2    3   1   0.695034800E-09                 1000.00000000       8.90048244203         3   0   1 0.1448803425378E-004   0.8001411475155E+002  -0.9521015678447E-001

  TOTAL CPU =    78.23 SECS   LAST CYCLE =    0.34 SECS   NUSED =    1669
