  23Na-87Rb scattering length of Na|1,-1> + Rb|1,0>                               
  05 May 2021 14:31:08    NSTATE = 64   NQN =  5   NNRG =   1   NFIELD =   533
  JSTATE    -1  -1  -1  -1  -1  -1  -1  -1  -1  -1  -1  -1  -1  -1  -1
  JSTATE    -1  -1  -1  -1  -1  -1  -1  -1  -1  -1  -1  -1  -1  -1  -1
  JSTATE    -1  -1   1   1   1   1   1   1   1   1   1   1   1   1   1
  JSTATE     1   1   1   1   1   1   1   1   1   1   1   1   1   1   1
  JSTATE     1   1   1   1  -3  -3  -3  -3  -3  -3  -3  -3  -1  -1  -1
  JSTATE    -1  -1  -1  -1  -1   1   1   1   1   1   1   1   1   3   3
  JSTATE     3   3   3   3   3   3  -3  -3  -3  -3  -3  -3  -3  -3  -1
  JSTATE    -1  -1  -1  -1  -1  -1  -1   1   1   1   1   1   1   1   1
  JSTATE     3   3   3   3   3   3   3   3  -1  -1  -1  -1   1   1   1
  JSTATE     1  -1  -1  -1  -1   1   1   1   1  -1  -1  -1  -1   1   1
  JSTATE     1   1  -1  -1  -1  -1   1   1   1   1  -1  -1  -1  -1   1
  JSTATE     1   1   1  -1  -1  -1  -1   1   1   1   1  -1  -1  -1  -1
  JSTATE     1   1   1   1  -1  -1  -1  -1   1   1   1   1  -3  -1   1
  JSTATE     3  -3  -1   1   3  -3  -1   1   3  -3  -1   1   3  -3  -1
  JSTATE     1   3  -3  -1   1   3  -3  -1   1   3  -3  -1   1   3  -3
  JSTATE    -1   1   3  -3  -1   1   3  -3  -1   1   3  -3  -1   1   3
  JSTATE    -3  -1   1   3  -3  -1   1   3  -3  -1   1   3  -3  -1   1
  JSTATE     3   0   0   0   0   0   0   0   0   0   0   0   0   0   0
  JSTATE     0   0   0   0   0   0   0   0   0   0   0   0   0   0   0
  JSTATE     0   0   0   0   0   0   0   0   0   0   0   0   0   0   0
  JSTATE     0   0   0   0   0   0   0   0   0   0   0   0   0   0   0
  JSTATE     0   0   0   0   0

  JTOT  IBLOCK  NOP   I    ENERGY(I)/CM-1       MAGNETIC Z FIELD (GAUSS )   EIGENPHASE SUM/PI                                                SCATTERING LENGTH
                                                                                                 CHAN   L POW     WVEC*BOHR             RE(A)/BOHR             IM(A)/BOHR
    -2       2    2   1   0.695034800E-09                 1.70000000000       9.99923484614         2   0   1 0.1448803257749E-004   0.8015988319618E+002  -0.1150652464739E-003
    -2       2    2   1   0.695034800E-09                 2.20000000000       9.99835471464         2   0   1 0.1448803257749E-004   0.8015918295013E+002  -0.3712382984677E-003
    -2       2    2   1   0.695034800E-09                 2.70000000000       9.99769161229         2   0   1 0.1448803281696E-004   0.8015849457149E+002  -0.5643671937534E-003
    -2       2    2   1   0.695034800E-09                 3.20000000000       9.99707146553         2   0   1 0.1448803329590E-004   0.8015780898253E+002  -0.7450865183231E-003
    -2       2    2   1   0.695034800E-09                 3.70000000000       9.99646935409         2   0   1 0.1448803233802E-004   0.8015712166363E+002  -0.9206422124363E-003
    -2       2    2   1   0.695034800E-09                 4.20000000000       9.99587697672         2   0   1 0.1448803281696E-004   0.8015643635902E+002  -0.1093447740965E-002
    -2       2    2   1   0.695034800E-09                 4.70000000000       9.99529067640         2   0   1 0.1448803185908E-004   0.8015574855011E+002  -0.1264559491403E-002
    -2       2    2   1   0.695034800E-09                 5.20000000000       9.99470857036         2   0   1 0.1448803209855E-004   0.8015507357900E+002  -0.1434525314482E-002
    -2       2    2   1   0.695034800E-09                 5.70000000000       9.99412958819         2   0   1 0.1448803305643E-004   0.8015440420743E+002  -0.1603653054903E-002
    -2       2    2   1   0.695034800E-09                 6.20000000000       9.99355306844         2   0   1 0.1448803161961E-004   0.8015371583894E+002  -0.1772131509756E-002
    -2       2    2   1   0.695034800E-09                 6.70000000000       9.99297858447         2   0   1 0.1448803257749E-004   0.8015305113029E+002  -0.1940082351775E-002
    -2       2    2   1   0.695034800E-09                 7.20000000000       9.99240584805         2   0   1 0.1448803233802E-004   0.8015238168201E+002  -0.2107587382779E-002
    -2       2    2   1   0.695034800E-09                 7.70000000000       9.99183465739         2   0   1 0.1448803257749E-004   0.8015171654036E+002  -0.2274703390809E-002
    -2       2    2   1   0.695034800E-09                 8.20000000000       9.99126486911         2   0   1 0.1448803257749E-004   0.8015105487727E+002  -0.2441470884434E-002
    -2       2    2   1   0.695034800E-09                 8.70000000000       9.99069638007         2   0   1 0.1448803257749E-004   0.8015038436287E+002  -0.2607919364702E-002
    -2       2    2   1   0.695034800E-09                 9.20000000000       9.99012911077         2   0   1 0.1448803281696E-004   0.8014977643706E+002  -0.2774069838601E-002
    -2       2    2   1   0.695034800E-09                 9.70000000000       9.98956300497         2   0   1 0.1448803209855E-004   0.8014907083963E+002  -0.2939941002973E-002
    -2       2    2   1   0.695034800E-09                 10.2000000000       9.98899801780         2   0   1 0.1448803233802E-004   0.8014841380169E+002  -0.3105542810772E-002
    -2       2    2   1   0.695034800E-09                 10.7000000000       9.98843411576         2   0   1 0.1448803305643E-004   0.8014776867393E+002  -0.3270885340261E-002
    -2       2    2   1   0.695034800E-09                 11.2000000000       9.98787127182         2   0   1 0.1448803257749E-004   0.8014711469825E+002  -0.3435975687945E-002
    -2       2    2   1   0.695034800E-09                 11.7000000000       9.98730946412         2   0   1 0.1448803329590E-004   0.8014646844048E+002  -0.3600819129852E-002
    -2       2    2   1   0.695034800E-09                 12.2000000000       9.98674867233         2   0   1 0.1448803257749E-004   0.8014581797592E+002  -0.3765419643283E-002
    -2       2    2   1   0.695034800E-09                 12.7000000000       9.98618888102         2   0   1 0.1448803257749E-004   0.8014516606237E+002  -0.3929780141180E-002
    -2       2    2   1   0.695034800E-09                 13.2000000000       9.98563007519         2   0   1 0.1448803257749E-004   0.8014453052808E+002  -0.4093902683925E-002
    -2       2    2   1   0.695034800E-09                 13.7000000000       9.98507224498         2   0   1 0.1448803138014E-004   0.8014388184011E+002  -0.4257788697287E-002
    -2       2    2   1   0.695034800E-09                 14.2000000000       9.98451537605         2   0   1 0.1448803209855E-004   0.8014324349422E+002  -0.4421439049295E-002
    -2       2    2   1   0.695034800E-09                 14.7000000000       9.98395946118         2   0   1 0.1448803209855E-004   0.8014261318562E+002  -0.4584854189575E-002
    -2       2    2   1   0.695034800E-09                 15.2000000000       9.98340449187         2   0   1 0.1448803209855E-004   0.8014197763532E+002  -0.4748034296166E-002
    -2       2    2   1   0.695034800E-09                 15.7000000000       9.98285046309         2   0   1 0.1448803305643E-004   0.8014134776485E+002  -0.4910979187623E-002
    -2       2    2   1   0.695034800E-09                 16.2000000000       9.98229736846         2   0   1 0.1448803233802E-004   0.8014071549335E+002  -0.5073688492519E-002
    -2       2    2   1   0.695034800E-09                 16.7000000000       9.98174520632         2   0   1 0.1448803209855E-004   0.8014008416418E+002  -0.5236161611785E-002
    -2       2    2   1   0.695034800E-09                 17.2000000000       9.98119397405         2   0   1 0.1448803257749E-004   0.8013950012135E+002  -0.5398397551784E-002
    -2       2    2   1   0.695034800E-09                 17.7000000000       9.98064366973         2   0   1 0.1448803257749E-004   0.8013883996433E+002  -0.5560396065494E-002
    -2       2    2   1   0.695034800E-09                 18.2000000000       9.98009429521         2   0   1 0.1448803233802E-004   0.8013821027195E+002  -0.5722155496570E-002
    -2       2    2   1   0.695034800E-09                 18.7000000000       9.97954584879         2   0   1 0.1448803161961E-004   0.8013763135613E+002  -0.5883674713610E-002
    -2       2    2   1   0.695034800E-09                 19.2000000000       9.97899833082         2   0   1 0.1448803305643E-004   0.8013698098941E+002  -0.6044952752566E-002
    -2       2    2   1   0.695034800E-09                 19.7000000000       9.97845174299         2   0   1 0.1448803161961E-004   0.8013635171812E+002  -0.6205988011157E-002
    -2       2    2   1   0.695034800E-09                 20.2000000000       9.97790608418         2   0   1 0.1448803257749E-004   0.8013578627459E+002  -0.6366779300959E-002
    -2       2    2   1   0.695034800E-09                 20.7000000000       9.97736135527         2   0   1 0.1448803209855E-004   0.8013513225516E+002  -0.6527324501669E-002
    -2       2    2   1   0.695034800E-09                 21.2000000000       9.97681755671         2   0   1 0.1448803281696E-004   0.8013452720079E+002  -0.6687622707071E-002
    -2       2    2   1   0.695034800E-09                 21.7000000000       9.97627468779         2   0   1 0.1448803257749E-004   0.8013391539071E+002  -0.6847672139725E-002
    -2       2    2   1   0.695034800E-09                 22.2000000000       9.97573274985         2   0   1 0.1448803233802E-004   0.8013330598929E+002  -0.7007471231607E-002
    -2       2    2   1   0.695034800E-09                 22.7000000000       9.97519174212         2   0   1 0.1448803281696E-004   0.8013270483083E+002  -0.7167018303334E-002
    -2       2    2   1   0.695034800E-09                 23.2000000000       9.97465166586         2   0   1 0.1448803209855E-004   0.8013209532794E+002  -0.7326311776262E-002
    -2       2    2   1   0.695034800E-09                 23.7000000000       9.97411252195         2   0   1 0.1448803281696E-004   0.8013154175531E+002  -0.7485349556830E-002
    -2       2    2   1   0.695034800E-09                 24.2000000000       9.97357431155         2   0   1 0.1448803161961E-004   0.8013089472986E+002  -0.7644131292535E-002
    -2       2    2   1   0.695034800E-09                 24.7000000000       9.97303703669         2   0   1 0.1448803161961E-004   0.8013029610755E+002  -0.7802654011563E-002
    -2       2    2   1   0.695034800E-09                 25.2000000000       9.97250069934         2   0   1 0.1448803185908E-004   0.8012969537315E+002  -0.7960916525091E-002
    -2       2    2   1   0.695034800E-09                 25.7000000000       9.97196530150         2   0   1 0.1448803281696E-004   0.8012911094769E+002  -0.8118917070605E-002
    -2       2    2   1   0.695034800E-09                 26.2000000000       9.97143084587         2   0   1 0.1448803209855E-004   0.8012852082603E+002  -0.8276653967959E-002
    -2       2    2   1   0.695034800E-09                 26.7000000000       9.97089733495         2   0   1 0.1448803161961E-004   0.8012792178209E+002  -0.8434125490387E-002
    -2       2    2   1   0.695034800E-09                 27.2000000000       9.97036477162         2   0   1 0.1448803161961E-004   0.8012733100256E+002  -0.8591329912630E-002
    -2       2    2   1   0.695034800E-09                 27.7000000000       9.96983315735         2   0   1 0.1448803233802E-004   0.8012674497648E+002  -0.8748265438987E-002
    -2       2    2   1   0.695034800E-09                 28.2000000000       9.96930249515         2   0   1 0.1448803233802E-004   0.8012616116761E+002  -0.8904930355125E-002
    -2       2    2   1   0.695034800E-09                 28.7000000000       9.96877278722         2   0   1 0.1448803209855E-004   0.8012557813221E+002  -0.9061322874179E-002
    -2       2    2   1   0.695034800E-09                 29.2000000000       9.96824403587         2   0   1 0.1448803257749E-004   0.8012499814299E+002  -0.9217441240496E-002
    -2       2    2   1   0.695034800E-09                 29.7000000000       9.96771624284         2   0   1 0.1448803257749E-004   0.8012441691706E+002  -0.9373283752528E-002
    -2       2    2   1   0.695034800E-09                 30.2000000000       9.96718941069         2   0   1 0.1448803257749E-004   0.8012384000246E+002  -0.9528848605606E-002
    -2       2    2   1   0.695034800E-09                 30.7000000000       9.96666354162         2   0   1 0.1448803185908E-004   0.8012325346512E+002  -0.9684134159529E-002
    -2       2    2   1   0.695034800E-09                 31.2000000000       9.96613863794         2   0   1 0.1448803257749E-004   0.8012268705154E+002  -0.9839138557520E-002
    -2       2    2   1   0.695034800E-09                 31.7000000000       9.96561470231         2   0   1 0.1448803161961E-004   0.8012210351508E+002  -0.9993860226177E-002
    -2       2    2   1   0.695034800E-09                 32.2000000000       9.96509173706         2   0   1 0.1448803281696E-004   0.8012153882810E+002  -0.1014829737146E-001
    -2       2    2   1   0.695034800E-09                 32.7000000000       9.96456974576         2   0   1 0.1448803257749E-004   0.8012097111236E+002  -0.1030244833781E-001
    -2       2    2   1   0.695034800E-09                 33.2000000000       9.96404873116         2   0   1 0.1448803233802E-004   0.8012039068174E+002  -0.1045631148374E-001
    -2       2    2   1   0.695034800E-09                 33.7000000000       9.96352869622         2   0   1 0.1448803281696E-004   0.8011982833808E+002  -0.1060988496334E-001
    -2       2    2   1   0.695034800E-09                 34.2000000000       9.96300964452         2   0   1 0.1448803233802E-004   0.8011925567538E+002  -0.1076316724936E-001
    -2       2    2   1   0.695034800E-09                 34.7000000000       9.96249157912         2   0   1 0.1448803257749E-004   0.8011869106446E+002  -0.1091615658902E-001
    -2       2    2   1   0.695034800E-09                 35.2000000000       9.96197450310         2   0   1 0.1448803281696E-004   0.8011813292696E+002  -0.1106885108540E-001
    -2       2    2   1   0.695034800E-09                 35.7000000000       9.96145841991         2   0   1 0.1448803209855E-004   0.8011756413538E+002  -0.1122124933051E-001
    -2       2    2   1   0.695034800E-09                 36.2000000000       9.96094333300         2   0   1 0.1448803257749E-004   0.8011701103776E+002  -0.1137334944321E-001
    -2       2    2   1   0.695034800E-09                 36.7000000000       9.96042924493         2   0   1 0.1448803233802E-004   0.8011648358037E+002  -0.1152514993923E-001
    -2       2    2   1   0.695034800E-09                 37.2000000000       9.95991615916         2   0   1 0.1448803161961E-004   0.8011588459623E+002  -0.1167664859960E-001
    -2       2    2   1   0.695034800E-09                 37.7000000000       9.95940407846         2   0   1 0.1448803209855E-004   0.8011533485156E+002  -0.1182784474392E-001
    -2       2    2   1   0.695034800E-09                 38.2000000000       9.95889300616         2   0   1 0.1448803233802E-004   0.8011478343613E+002  -0.1197873569712E-001
    -2       2    2   1   0.695034800E-09                 38.7000000000       9.95838294510         2   0   1 0.1448803257749E-004   0.8011422736333E+002  -0.1212932037406E-001
    -2       2    2   1   0.695034800E-09                 39.2000000000       9.95787389908         2   0   1 0.1448803281696E-004   0.8011367756299E+002  -0.1227959635314E-001
    -2       2    2   1   0.695034800E-09                 39.7000000000       9.95736587065         2   0   1 0.1448803281696E-004   0.8011312422735E+002  -0.1242956398708E-001
    -2       2    2   1   0.695034800E-09                 40.2000000000       9.95685886378         2   0   1 0.1448803233802E-004   0.8011256747948E+002  -0.1257921967357E-001
    -2       2    2   1   0.695034800E-09                 40.7000000000       9.95635288180         2   0   1 0.1448803185908E-004   0.8011201521484E+002  -0.1272856249302E-001
    -2       2    2   1   0.695034800E-09                 41.2000000000       9.95584792805         2   0   1 0.1448803305643E-004   0.8011152199544E+002  -0.1287759055812E-001
    -2       2    2   1   0.695034800E-09                 41.7000000000       9.95534400678         2   0   1 0.1448803233802E-004   0.8011092595064E+002  -0.1302630300910E-001
    -2       2    2   1   0.695034800E-09                 42.2000000000       9.95484112144         2   0   1 0.1448803185908E-004   0.8011037937400E+002  -0.1317469756748E-001
    -2       2    2   1   0.695034800E-09                 42.7000000000       9.95433927563         2   0   1 0.1448803257749E-004   0.8010984227822E+002  -0.1332277282974E-001
    -2       2    2   1   0.695034800E-09                 43.2000000000       9.95383847325         2   0   1 0.1448803329590E-004   0.8010930717797E+002  -0.1347052718285E-001
    -2       2    2   1   0.695034800E-09                 43.7000000000       9.95333871812         2   0   1 0.1448803257749E-004   0.8010876142957E+002  -0.1361795914559E-001
    -2       2    2   1   0.695034800E-09                 44.2000000000       9.95284001370         2   0   1 0.1448803353537E-004   0.8010822899590E+002  -0.1376506700839E-001
    -2       2    2   1   0.695034800E-09                 44.7000000000       9.95234236404         2   0   1 0.1448803257749E-004   0.8010767835033E+002  -0.1391184933426E-001
    -2       2    2   1   0.695034800E-09                 45.2000000000       9.95184577252         2   0   1 0.1448803329590E-004   0.8010715117078E+002  -0.1405830436013E-001
    -2       2    2   1   0.695034800E-09                 45.7000000000       9.95135024298         2   0   1 0.1448803329590E-004   0.8010661192984E+002  -0.1420443068422E-001
    -2       2    2   1   0.695034800E-09                 46.2000000000       9.95085577890         2   0   1 0.1448803209855E-004   0.8010610980759E+002  -0.1435022632164E-001
    -2       2    2   1   0.695034800E-09                 46.7000000000       9.95036238418         2   0   1 0.1448803233802E-004   0.8010554222925E+002  -0.1449569088351E-001
    -2       2    2   1   0.695034800E-09                 47.2000000000       9.94987006249         2   0   1 0.1448803281696E-004   0.8010501012730E+002  -0.1464082165648E-001
    -2       2    2   1   0.695034800E-09                 47.7000000000       9.94937881764         2   0   1 0.1448803329590E-004   0.8010447881759E+002  -0.1478561754421E-001
    -2       2    2   1   0.695034800E-09                 48.2000000000       9.94888865350         2   0   1 0.1448803281696E-004   0.8010394687317E+002  -0.1493007703088E-001
    -2       2    2   1   0.695034800E-09                 48.7000000000       9.94839957400         2   0   1 0.1448803281696E-004   0.8010341679190E+002  -0.1507419857468E-001
    -2       2    2   1   0.695034800E-09                 49.2000000000       9.94791158323         2   0   1 0.1448803257749E-004   0.8010288797768E+002  -0.1521798073716E-001
    -2       2    2   1   0.695034800E-09                 49.7000000000       9.94742468520         2   0   1 0.1448803209855E-004   0.8010236343941E+002  -0.1536142194398E-001
    -2       2    2   1   0.695034800E-09                 50.2000000000       9.94693888389         2   0   1 0.1448803209855E-004   0.8010187158111E+002  -0.1550452058872E-001
    -2       2    2   1   0.695034800E-09                 50.7000000000       9.94645418365         2   0   1 0.1448803257749E-004   0.8010131976791E+002  -0.1564727566002E-001
    -2       2    2   1   0.695034800E-09                 51.2000000000       9.94597058866         2   0   1 0.1448803209855E-004   0.8010078632236E+002  -0.1578968599081E-001
    -2       2    2   1   0.695034800E-09                 51.7000000000       9.94548810263         2   0   1 0.1448803233802E-004   0.8010026559219E+002  -0.1593174787316E-001
    -2       2    2   1   0.695034800E-09                 52.2000000000       9.94500673024         2   0   1 0.1448803233802E-004   0.8009974468716E+002  -0.1607346218221E-001
    -2       2    2   1   0.695034800E-09                 52.7000000000       9.94452647517         2   0   1 0.1448803209855E-004   0.8009922104085E+002  -0.1621482666662E-001
    -2       2    2   1   0.695034800E-09                 53.2000000000       9.94404734186         2   0   1 0.1448803233802E-004   0.8009874048986E+002  -0.1635583974285E-001
    -2       2    2   1   0.695034800E-09                 53.7000000000       9.94356933454         2   0   1 0.1448803257749E-004   0.8009818918196E+002  -0.1649650017174E-001
    -2       2    2   1   0.695034800E-09                 54.2000000000       9.94309245710         2   0   1 0.1448803233802E-004   0.8009766591334E+002  -0.1663680635820E-001
    -2       2    2   1   0.695034800E-09                 54.7000000000       9.94261671364         2   0   1 0.1448803185908E-004   0.8009714757612E+002  -0.1677675681135E-001
    -2       2    2   1   0.695034800E-09                 55.2000000000       9.94214210839         2   0   1 0.1448803209855E-004   0.8009663677049E+002  -0.1691635011803E-001
    -2       2    2   1   0.695034800E-09                 55.7000000000       9.94166864564         2   0   1 0.1448803185908E-004   0.8009611772037E+002  -0.1705558492295E-001
    -2       2    2   1   0.695034800E-09                 56.2000000000       9.94119632947         2   0   1 0.1448803138014E-004   0.8009560495099E+002  -0.1719445967456E-001
    -2       2    2   1   0.695034800E-09                 56.7000000000       9.94072516407         2   0   1 0.1448803281696E-004   0.8009510620013E+002  -0.1733297295072E-001
    -2       2    2   1   0.695034800E-09                 57.2000000000       9.94025515397         2   0   1 0.1448803257749E-004   0.8009458954671E+002  -0.1747112350286E-001
    -2       2    2   1   0.695034800E-09                 57.7000000000       9.93978630336         2   0   1 0.1448803185908E-004   0.8009410859125E+002  -0.1760890958495E-001
    -2       2    2   1   0.695034800E-09                 58.2000000000       9.93931861688         2   0   1 0.1448803233802E-004   0.8009356991268E+002  -0.1774633040386E-001
    -2       2    2   1   0.695034800E-09                 58.7000000000       9.93885209884         2   0   1 0.1448803257749E-004   0.8009305857475E+002  -0.1788338398635E-001
    -2       2    2   1   0.695034800E-09                 59.2000000000       9.93838675354         2   0   1 0.1448803257749E-004   0.8009255082931E+002  -0.1802006910011E-001
    -2       2    2   1   0.695034800E-09                 59.7000000000       9.93792258560         2   0   1 0.1448803281696E-004   0.8009204650399E+002  -0.1815638435758E-001
    -2       2    2   1   0.695034800E-09                 60.2000000000       9.93745959952         2   0   1 0.1448803257749E-004   0.8009153547557E+002  -0.1829232832617E-001
    -2       2    2   1   0.695034800E-09                 60.7000000000       9.93699779979         2   0   1 0.1448803209855E-004   0.8009102924477E+002  -0.1842789961187E-001
    -2       2    2   1   0.695034800E-09                 61.2000000000       9.93653719072         2   0   1 0.1448803257749E-004   0.8009052588365E+002  -0.1856309686624E-001
    -2       2    2   1   0.695034800E-09                 61.7000000000       9.93607777720         2   0   1 0.1448803161961E-004   0.8009001496797E+002  -0.1869791867748E-001
    -2       2    2   1   0.695034800E-09                 62.2000000000       9.93561956325         2   0   1 0.1448803305643E-004   0.8008953092578E+002  -0.1883236350288E-001
    -2       2    2   1   0.695034800E-09                 62.7000000000       9.93516255374         2   0   1 0.1448803233802E-004   0.8008901357272E+002  -0.1896643030710E-001
    -2       2    2   1   0.695034800E-09                 63.2000000000       9.93470675277         2   0   1 0.1448803257749E-004   0.8008855591115E+002  -0.1910011728127E-001
    -2       2    2   1   0.695034800E-09                 63.7000000000       9.93425216539         2   0   1 0.1448803233802E-004   0.8008801193200E+002  -0.1923342351845E-001
    -2       2    2   1   0.695034800E-09                 64.2000000000       9.93379879552         2   0   1 0.1448803305643E-004   0.8008752291947E+002  -0.1936634719426E-001
    -2       2    2   1   0.695034800E-09                 64.7000000000       9.93334664821         2   0   1 0.1448803257749E-004   0.8008702070856E+002  -0.1949888726426E-001
    -2       2    2   1   0.695034800E-09                 65.2000000000       9.93289572779         2   0   1 0.1448803185908E-004   0.8008651447431E+002  -0.1963104229425E-001
    -2       2    2   1   0.695034800E-09                 65.7000000000       9.93244603877         2   0   1 0.1448803233802E-004   0.8008602259219E+002  -0.1976281081534E-001
    -2       2    2   1   0.695034800E-09                 66.2000000000       9.93199758585         2   0   1 0.1448803329590E-004   0.8008553379459E+002  -0.1989419155007E-001
    -2       2    2   1   0.695034800E-09                 66.7000000000       9.93155037400         2   0   1 0.1448803281696E-004   0.8008502900974E+002  -0.2002518325750E-001
    -2       2    2   1   0.695034800E-09                 67.2000000000       9.93110440754         2   0   1 0.1448803329590E-004   0.8008458026719E+002  -0.2015578412650E-001
    -2       2    2   1   0.695034800E-09                 67.7000000000       9.93065969147         2   0   1 0.1448803305643E-004   0.8008404707794E+002  -0.2028599377326E-001
    -2       2    2   1   0.695034800E-09                 68.2000000000       9.93021623041         2   0   1 0.1448803257749E-004   0.8008354871240E+002  -0.2041581002247E-001
    -2       2    2   1   0.695034800E-09                 68.7000000000       9.92977402915         2   0   1 0.1448803233802E-004   0.8008305083837E+002  -0.2054523177862E-001
    -2       2    2   1   0.695034800E-09                 69.2000000000       9.92933309242         2   0   1 0.1448803305643E-004   0.8008256128446E+002  -0.2067425766483E-001
    -2       2    2   1   0.695034800E-09                 69.7000000000       9.92889342527         2   0   1 0.1448803281696E-004   0.8008206859529E+002  -0.2080288638689E-001
    -2       2    2   1   0.695034800E-09                 70.2000000000       9.92845503221         2   0   1 0.1448803281696E-004   0.8008157705522E+002  -0.2093111660453E-001
    -2       2    2   1   0.695034800E-09                 70.7000000000       9.92801791799         2   0   1 0.1448803257749E-004   0.8008109091647E+002  -0.2105894680081E-001
    -2       2    2   1   0.695034800E-09                 71.2000000000       9.92758208765         2   0   1 0.1448803209855E-004   0.8008059019329E+002  -0.2118637612240E-001
    -2       2    2   1   0.695034800E-09                 71.7000000000       9.92714754568         2   0   1 0.1448803233802E-004   0.8008010583026E+002  -0.2131340271095E-001
    -2       2    2   1   0.695034800E-09                 72.2000000000       9.92671429721         2   0   1 0.1448803305643E-004   0.8007962115342E+002  -0.2144002549075E-001
    -2       2    2   1   0.695034800E-09                 72.7000000000       9.92628234706         2   0   1 0.1448803161961E-004   0.8007912341402E+002  -0.2156624309854E-001
    -2       2    2   1   0.695034800E-09                 73.2000000000       9.92585169971         2   0   1 0.1448803329590E-004   0.8007864929323E+002  -0.2169205410518E-001
    -2       2    2   1   0.695034800E-09                 73.7000000000       9.92542236037         2   0   1 0.1448803329590E-004   0.8007815759361E+002  -0.2181745736882E-001
    -2       2    2   1   0.695034800E-09                 74.2000000000       9.92499433366         2   0   1 0.1448803329590E-004   0.8007767742667E+002  -0.2194245143298E-001
    -2       2    2   1   0.695034800E-09                 74.7000000000       9.92456762464         2   0   1 0.1448803233802E-004   0.8007718076676E+002  -0.2206703516741E-001
    -2       2    2   1   0.695034800E-09                 75.2000000000       9.92414223827         2   0   1 0.1448803161961E-004   0.8007669489529E+002  -0.2219120698844E-001
    -2       2    2   1   0.695034800E-09                 75.7000000000       9.92371817925         2   0   1 0.1448803329590E-004   0.8007621593171E+002  -0.2231496573294E-001
    -2       2    2   1   0.695034800E-09                 76.2000000000       9.92329545283         2   0   1 0.1448803281696E-004   0.8007573297232E+002  -0.2243831009531E-001
    -2       2    2   1   0.695034800E-09                 76.7000000000       9.92287406385         2   0   1 0.1448803233802E-004   0.8007524059097E+002  -0.2256123887442E-001
    -2       2    2   1   0.695034800E-09                 77.2000000000       9.92245401731         2   0   1 0.1448803257749E-004   0.8007476485262E+002  -0.2268375042939E-001
    -2       2    2   1   0.695034800E-09                 77.7000000000       9.92203531830         2   0   1 0.1448803257749E-004   0.8007428012000E+002  -0.2280584376393E-001
    -2       2    2   1   0.695034800E-09                 78.2000000000       9.92161797176         2   0   1 0.1448803353537E-004   0.8007380575857E+002  -0.2292751741672E-001
    -2       2    2   1   0.695034800E-09                 78.7000000000       9.92120198302         2   0   1 0.1448803281696E-004   0.8007331358220E+002  -0.2304877020795E-001
    -2       2    2   1   0.695034800E-09                 79.2000000000       9.92078735699         2   0   1 0.1448803257749E-004   0.8007282877145E+002  -0.2316960069601E-001
    -2       2    2   1   0.695034800E-09                 79.7000000000       9.92037409864         2   0   1 0.1448803281696E-004   0.8007235647440E+002  -0.2329000753829E-001
    -2       2    2   1   0.695034800E-09                 80.2000000000       9.91996221340         2   0   1 0.1448803185908E-004   0.8007186890560E+002  -0.2340998959073E-001
    -2       2    2   1   0.695034800E-09                 80.7000000000       9.91955170603         2   0   1 0.1448803185908E-004   0.8007138888799E+002  -0.2352954541577E-001
    -2       2    2   1   0.695034800E-09                 81.2000000000       9.91914258174         2   0   1 0.1448803257749E-004   0.8007091277989E+002  -0.2364867367477E-001
    -2       2    2   1   0.695034800E-09                 81.7000000000       9.91873484574         2   0   1 0.1448803209855E-004   0.8007042888619E+002  -0.2376737319067E-001
    -2       2    2   1   0.695034800E-09                 82.2000000000       9.91832850296         2   0   1 0.1448803305643E-004   0.8006996171792E+002  -0.2388564243256E-001
    -2       2    2   1   0.695034800E-09                 82.7000000000       9.91792355884         2   0   1 0.1448803257749E-004   0.8006948007410E+002  -0.2400348034860E-001
    -2       2    2   1   0.695034800E-09                 83.2000000000       9.91752001833         2   0   1 0.1448803233802E-004   0.8006900007203E+002  -0.2412088552635E-001
    -2       2    2   1   0.695034800E-09                 83.7000000000       9.91711788661         2   0   1 0.1448803281696E-004   0.8006852120120E+002  -0.2423785663164E-001
    -2       2    2   1   0.695034800E-09                 84.2000000000       9.91671716895         2   0   1 0.1448803185908E-004   0.8006804305665E+002  -0.2435439234854E-001
    -2       2    2   1   0.695034800E-09                 84.7000000000       9.91631787052         2   0   1 0.1448803305643E-004   0.8006757374921E+002  -0.2447049135127E-001
    -2       2    2   1   0.695034800E-09                 85.2000000000       9.91591999651         2   0   1 0.1448803185908E-004   0.8006713005704E+002  -0.2458615227634E-001
    -2       2    2   1   0.695034800E-09                 85.7000000000       9.91552355238         2   0   1 0.1448803281696E-004   0.8006662047705E+002  -0.2470137422990E-001
    -2       2    2   1   0.695034800E-09                 86.2000000000       9.91512854315         2   0   1 0.1448803257749E-004   0.8006614724769E+002  -0.2481615543317E-001
    -2       2    2   1   0.695034800E-09                 86.7000000000       9.91473497420         2   0   1 0.1448803329590E-004   0.8006570317429E+002  -0.2493049446204E-001
    -2       2    2   1   0.695034800E-09                 87.2000000000       9.91434285114         2   0   1 0.1448803281696E-004   0.8006519755469E+002  -0.2504439081964E-001
    -2       2    2   1   0.695034800E-09                 87.7000000000       9.91395217892         2   0   1 0.1448803257749E-004   0.8006472100390E+002  -0.2515784244838E-001
    -2       2    2   1   0.695034800E-09                 88.2000000000       9.91356296319         2   0   1 0.1448803233802E-004   0.8006424330310E+002  -0.2527084822294E-001
    -2       2    2   1   0.695034800E-09                 88.7000000000       9.91317520901         2   0   1 0.1448803257749E-004   0.8006377511267E+002  -0.2538340677831E-001
    -2       2    2   1   0.695034800E-09                 89.2000000000       9.91278892210         2   0   1 0.1448803281696E-004   0.8006330139234E+002  -0.2549551694335E-001
    -2       2    2   1   0.695034800E-09                 89.7000000000       9.91240410784         2   0   1 0.1448803209855E-004   0.8006281571513E+002  -0.2560717740083E-001
    -2       2    2   1   0.695034800E-09                 90.2000000000       9.91202077140         2   0   1 0.1448803209855E-004   0.8006237953132E+002  -0.2571838644057E-001
    -2       2    2   1   0.695034800E-09                 90.7000000000       9.91163891857         2   0   1 0.1448803281696E-004   0.8006188182210E+002  -0.2582914342990E-001
    -2       2    2   1   0.695034800E-09                 91.2000000000       9.91125855450         2   0   1 0.1448803233802E-004   0.8006140617369E+002  -0.2593944653534E-001
    -2       2    2   1   0.695034800E-09                 91.7000000000       9.91087968481         2   0   1 0.1448803281696E-004   0.8006093814729E+002  -0.2604929454256E-001
    -2       2    2   1   0.695034800E-09                 92.2000000000       9.91050231503         2   0   1 0.1448803329590E-004   0.8006046523668E+002  -0.2615868618233E-001
    -2       2    2   1   0.695034800E-09                 92.7000000000       9.91012645043         2   0   1 0.1448803281696E-004   0.8005999543261E+002  -0.2626762005982E-001
    -2       2    2   1   0.695034800E-09                 93.2000000000       9.90975209679         2   0   1 0.1448803305643E-004   0.8005952150601E+002  -0.2637609492443E-001
    -2       2    2   1   0.695034800E-09                 93.7000000000       9.90937925937         2   0   1 0.1448803305643E-004   0.8005909160792E+002  -0.2648410913839E-001
    -2       2    2   1   0.695034800E-09                 94.2000000000       9.90900794404         2   0   1 0.1448803305643E-004   0.8005858381759E+002  -0.2659166206683E-001
    -2       2    2   1   0.695034800E-09                 94.7000000000       9.90863815611         2   0   1 0.1448803209855E-004   0.8005810963855E+002  -0.2669875177714E-001
    -2       2    2   1   0.695034800E-09                 95.2000000000       9.90826990122         2   0   1 0.1448803329590E-004   0.8005764183203E+002  -0.2680537703926E-001
    -2       2    2   1   0.695034800E-09                 95.7000000000       9.90790318494         2   0   1 0.1448803329590E-004   0.8005720714043E+002  -0.2691153621488E-001
    -2       2    2   1   0.695034800E-09                 96.2000000000       9.90753801323         2   0   1 0.1448803281696E-004   0.8005670360215E+002  -0.2701722906938E-001
    -2       2    2   1   0.695034800E-09                 96.7000000000       9.90717439136         2   0   1 0.1448803305643E-004   0.8005622913017E+002  -0.2712245325058E-001
    -2       2    2   1   0.695034800E-09                 97.2000000000       9.90681232514         2   0   1 0.1448803281696E-004   0.8005575963569E+002  -0.2722720750587E-001
    -2       2    2   1   0.695034800E-09                 97.7000000000       9.90645182030         2   0   1 0.1448803281696E-004   0.8005529360011E+002  -0.2733149067460E-001
    -2       2    2   1   0.695034800E-09                 98.2000000000       9.90609288258         2   0   1 0.1448803233802E-004   0.8005482019360E+002  -0.2743530149085E-001
    -2       2    2   1   0.695034800E-09                 98.7000000000       9.90573551775         2   0   1 0.1448803209855E-004   0.8005434601152E+002  -0.2753863849086E-001
    -2       2    2   1   0.695034800E-09                 99.2000000000       9.90537973157         2   0   1 0.1448803257749E-004   0.8005387990142E+002  -0.2764149935907E-001
    -2       2    2   1   0.695034800E-09                 99.7000000000       9.90502552960         2   0   1 0.1448803233802E-004   0.8005341081827E+002  -0.2774388552622E-001
    -2       2    2   1   0.695034800E-09                 100.200000000       9.90467291810         2   0   1 0.1448803233802E-004   0.8005294194539E+002  -0.2784579291532E-001
    -2       2    2   1   0.695034800E-09                 100.700000000       9.90432190253         2   0   1 0.1448803305643E-004   0.8005248314539E+002  -0.2794722091593E-001
    -2       2    2   1   0.695034800E-09                 101.200000000       9.90397248904         2   0   1 0.1448803257749E-004   0.8005200539801E+002  -0.2804816845247E-001
    -2       2    2   1   0.695034800E-09                 101.700000000       9.90362468338         2   0   1 0.1448803233802E-004   0.8005153663932E+002  -0.2814863386647E-001
    -2       2    2   1   0.695034800E-09                 102.200000000       9.90327849126         2   0   1 0.1448803257749E-004   0.8005107480773E+002  -0.2824861587055E-001
    -2       2    2   1   0.695034800E-09                 102.700000000       9.90293391895         2   0   1 0.1448803233802E-004   0.8005059756353E+002  -0.2834811318061E-001
    -2       2    2   1   0.695034800E-09                 103.200000000       9.90259097201         2   0   1 0.1448803233802E-004   0.8005016609696E+002  -0.2844712389533E-001
    -2       2    2   1   0.695034800E-09                 103.700000000       9.90224965680         2   0   1 0.1448803281696E-004   0.8004967268873E+002  -0.2854564766974E-001
    -2       2    2   1   0.695034800E-09                 104.200000000       9.90190997892         2   0   1 0.1448803377484E-004   0.8004920811689E+002  -0.2864368215958E-001
    -2       2    2   1   0.695034800E-09                 104.700000000       9.90157194477         2   0   1 0.1448803209855E-004   0.8004872635267E+002  -0.2874122645590E-001
    -2       2    2   1   0.695034800E-09                 105.200000000       9.90123555997         2   0   1 0.1448803401431E-004   0.8004827301204E+002  -0.2883827873252E-001
    -2       2    2   1   0.695034800E-09                 105.700000000       9.90090083086         2   0   1 0.1448803233802E-004   0.8004779129522E+002  -0.2893483801506E-001
    -2       2    2   1   0.695034800E-09                 106.200000000       9.90056776326         2   0   1 0.1448803281696E-004   0.8004733330510E+002  -0.2903090254355E-001
    -2       2    2   1   0.695034800E-09                 106.700000000       9.90023636355         2   0   1 0.1448803329590E-004   0.8004686749175E+002  -0.2912647109773E-001
    -2       2    2   1   0.695034800E-09                 107.200000000       9.89990663764         2   0   1 0.1448803329590E-004   0.8004640062797E+002  -0.2922154223677E-001
    -2       2    2   1   0.695034800E-09                 107.700000000       9.89957859184         2   0   1 0.1448803257749E-004   0.8004592288651E+002  -0.2931611456866E-001
    -2       2    2   1   0.695034800E-09                 108.200000000       9.89925223208         2   0   1 0.1448803353537E-004   0.8004549418643E+002  -0.2941018613897E-001
    -2       2    2   1   0.695034800E-09                 108.700000000       9.89892756503         2   0   1 0.1448803233802E-004   0.8004498521619E+002  -0.2950375679730E-001
    -2       2    2   1   0.695034800E-09                 109.200000000       9.89860459638         2   0   1 0.1448803329590E-004   0.8004452660033E+002  -0.2959682373697E-001
    -2       2    2   1   0.695034800E-09                 109.700000000       9.89828333293         2   0   1 0.1448803138014E-004   0.8004404378091E+002  -0.2968938626283E-001
    -2       2    2   1   0.695034800E-09                 110.200000000       9.89796378052         2   0   1 0.1448803209855E-004   0.8004358692296E+002  -0.2978144249885E-001
    -2       2    2   1   0.695034800E-09                 110.700000000       9.89764594559         2   0   1 0.1448803257749E-004   0.8004311942679E+002  -0.2987299124596E-001
    -2       2    2   1   0.695034800E-09                 111.200000000       9.89732983462         2   0   1 0.1448803257749E-004   0.8004268696898E+002  -0.2996403064209E-001
    -2       2    2   1   0.695034800E-09                 111.700000000       9.89701545403         2   0   1 0.1448803305643E-004   0.8004218677708E+002  -0.3005456019309E-001
    -2       2    2   1   0.695034800E-09                 112.200000000       9.89670281004         2   0   1 0.1448803257749E-004   0.8004171361808E+002  -0.3014457750852E-001
    -2       2    2   1   0.695034800E-09                 112.700000000       9.89639190927         2   0   1 0.1448803233802E-004   0.8004124959413E+002  -0.3023408127183E-001
    -2       2    2   1   0.695034800E-09                 113.200000000       9.89608275799         2   0   1 0.1448803305643E-004   0.8004078799041E+002  -0.3032307004484E-001
    -2       2    2   1   0.695034800E-09                 113.700000000       9.89577536282         2   0   1 0.1448803329590E-004   0.8004032056102E+002  -0.3041154244369E-001
    -2       2    2   1   0.695034800E-09                 114.200000000       9.89546973036         2   0   1 0.1448803185908E-004   0.8003983670515E+002  -0.3049949699211E-001
    -2       2    2   1   0.695034800E-09                 114.700000000       9.89516586681         2   0   1 0.1448803281696E-004   0.8003940980654E+002  -0.3058693160546E-001
    -2       2    2   1   0.695034800E-09                 115.200000000       9.89486377921         2   0   1 0.1448803353537E-004   0.8003891882246E+002  -0.3067384568759E-001
    -2       2    2   1   0.695034800E-09                 115.700000000       9.89456347397         2   0   1 0.1448803305643E-004   0.8003844804329E+002  -0.3076023710017E-001
    -2       2    2   1   0.695034800E-09                 116.200000000       9.89426495766         2   0   1 0.1448803257749E-004   0.8003797590109E+002  -0.3084610432354E-001
    -2       2    2   1   0.695034800E-09                 116.700000000       9.89396823698         2   0   1 0.1448803281696E-004   0.8003750786489E+002  -0.3093144717034E-001
    -2       2    2   1   0.695034800E-09                 117.200000000       9.89367331875         2   0   1 0.1448803281696E-004   0.8003703688319E+002  -0.3101626079414E-001
    -2       2    2   1   0.695034800E-09                 117.700000000       9.89338020961         2   0   1 0.1448803281696E-004   0.8003657359048E+002  -0.3110054657933E-001
    -2       2    2   1   0.695034800E-09                 118.200000000       9.89308891630         2   0   1 0.1448803233802E-004   0.8003610109452E+002  -0.3118430214661E-001
    -2       2    2   1   0.695034800E-09                 118.700000000       9.89279944567         2   0   1 0.1448803185908E-004   0.8003562298673E+002  -0.3126752589065E-001
    -2       2    2   1   0.695034800E-09                 119.200000000       9.89251180447         2   0   1 0.1448803305643E-004   0.8003516360857E+002  -0.3135021604603E-001
    -2       2    2   1   0.695034800E-09                 119.700000000       9.89222599972         2   0   1 0.1448803305643E-004   0.8003469876344E+002  -0.3143237121695E-001
    -2       2    2   1   0.695034800E-09                 120.200000000       9.89194203798         2   0   1 0.1448803305643E-004   0.8003426887707E+002  -0.3151398934148E-001
    -2       2    2   1   0.695034800E-09                 120.700000000       9.89165992682         2   0   1 0.1448803305643E-004   0.8003379018909E+002  -0.3159506987159E-001
    -2       2    2   1   0.695034800E-09                 121.200000000       9.89137967276         2   0   1 0.1448803329590E-004   0.8003329363204E+002  -0.3167561048586E-001
    -2       2    2   1   0.695034800E-09                 121.700000000       9.89110128297         2   0   1 0.1448803185908E-004   0.8003281267138E+002  -0.3175560952508E-001
    -2       2    2   1   0.695034800E-09                 122.200000000       9.89082476418         2   0   1 0.1448803329590E-004   0.8003235249996E+002  -0.3183506526761E-001
    -2       2    2   1   0.695034800E-09                 122.700000000       9.89055012388         2   0   1 0.1448803305643E-004   0.8003188241364E+002  -0.3191397631717E-001
    -2       2    2   1   0.695034800E-09                 123.200000000       9.89027736916         2   0   1 0.1448803185908E-004   0.8003140052921E+002  -0.3199234106725E-001
    -2       2    2   1   0.695034800E-09                 123.700000000       9.89000650687         2   0   1 0.1448803305643E-004   0.8003094012386E+002  -0.3207015751687E-001
    -2       2    2   1   0.695034800E-09                 124.200000000       9.88973754438         2   0   1 0.1448803305643E-004   0.8003047331581E+002  -0.3214742426648E-001
    -2       2    2   1   0.695034800E-09                 124.700000000       9.88947048903         2   0   1 0.1448803281696E-004   0.8003000493354E+002  -0.3222413959961E-001
    -2       2    2   1   0.695034800E-09                 125.200000000       9.88920534811         2   0   1 0.1448803257749E-004   0.8002952657392E+002  -0.3230030187178E-001
    -2       2    2   1   0.695034800E-09                 125.700000000       9.88894212876         2   0   1 0.1448803353537E-004   0.8002906432223E+002  -0.3237590914918E-001
    -2       2    2   1   0.695034800E-09                 126.200000000       9.88868083858         2   0   1 0.1448803257749E-004   0.8002858379713E+002  -0.3245096002529E-001
    -2       2    2   1   0.695034800E-09                 126.700000000       9.88842148469         2   0   1 0.1448803353537E-004   0.8002812775727E+002  -0.3252545239751E-001
    -2       2    2   1   0.695034800E-09                 127.200000000       9.88816407476         2   0   1 0.1448803353537E-004   0.8002765131065E+002  -0.3259938494051E-001
    -2       2    2   1   0.695034800E-09                 127.700000000       9.88790861636         2   0   1 0.1448803233802E-004   0.8002716842848E+002  -0.3267275575958E-001
    -2       2    2   1   0.695034800E-09                 128.200000000       9.88765511669         2   0   1 0.1448803305643E-004   0.8002670590441E+002  -0.3274556283778E-001
    -2       2    2   1   0.695034800E-09                 128.700000000       9.88740358359         2   0   1 0.1448803257749E-004   0.8002622578957E+002  -0.3281780477584E-001
    -2       2    2   1   0.695034800E-09                 129.200000000       9.88715402451         2   0   1 0.1448803377484E-004   0.8002576814629E+002  -0.3288947943587E-001
    -2       2    2   1   0.695034800E-09                 129.700000000       9.88690644726         2   0   1 0.1448803305643E-004   0.8002529223973E+002  -0.3296058531126E-001
    -2       2    2   1   0.695034800E-09                 130.200000000       9.88666085953         2   0   1 0.1448803281696E-004   0.8002481427463E+002  -0.3303112054799E-001
    -2       2    2   1   0.695034800E-09                 130.700000000       9.88641726900         2   0   1 0.1448803281696E-004   0.8002433903165E+002  -0.3310108321611E-001
    -2       2    2   1   0.695034800E-09                 131.200000000       9.88617568347         2   0   1 0.1448803257749E-004   0.8002386332939E+002  -0.3317047150562E-001
    -2       2    2   1   0.695034800E-09                 131.700000000       9.88593611073         2   0   1 0.1448803257749E-004   0.8002338970762E+002  -0.3323928363154E-001
    -2       2    2   1   0.695034800E-09                 132.200000000       9.88569855875         2   0   1 0.1448803233802E-004   0.8002291575798E+002  -0.3330751764330E-001
    -2       2    2   1   0.695034800E-09                 132.700000000       9.88546303548         2   0   1 0.1448803329590E-004   0.8002244683226E+002  -0.3337517168478E-001
    -2       2    2   1   0.695034800E-09                 133.200000000       9.88522954888         2   0   1 0.1448803329590E-004   0.8002197267371E+002  -0.3344224385252E-001
    -2       2    2   1   0.695034800E-09                 133.700000000       9.88499810694         2   0   1 0.1448803281696E-004   0.8002149979141E+002  -0.3350873244640E-001
    -2       2    2   1   0.695034800E-09                 134.200000000       9.88476871787         2   0   1 0.1448803257749E-004   0.8002102026993E+002  -0.3357463538210E-001
    -2       2    2   1   0.695034800E-09                 134.700000000       9.88454138960         2   0   1 0.1448803257749E-004   0.8002054912901E+002  -0.3363995082732E-001
    -2       2    2   1   0.695034800E-09                 135.200000000       9.88431613045         2   0   1 0.1448803377484E-004   0.8002008284958E+002  -0.3370467654319E-001
    -2       2    2   1   0.695034800E-09                 135.700000000       9.88409294870         2   0   1 0.1448803305643E-004   0.8001960420767E+002  -0.3376881070572E-001
    -2       2    2   1   0.695034800E-09                 136.200000000       9.88387185255         2   0   1 0.1448803281696E-004   0.8001912343186E+002  -0.3383235161825E-001
    -2       2    2   1   0.695034800E-09                 136.700000000       9.88365285041         2   0   1 0.1448803305643E-004   0.8001864517827E+002  -0.3389529709205E-001
    -2       2    2   1   0.695034800E-09                 137.200000000       9.88343595066         2   0   1 0.1448803281696E-004   0.8001816550130E+002  -0.3395764510217E-001
    -2       2    2   1   0.695034800E-09                 137.700000000       9.88322116166         2   0   1 0.1448803329590E-004   0.8001769562930E+002  -0.3401939358461E-001
    -2       2    2   1   0.695034800E-09                 138.200000000       9.88300849212         2   0   1 0.1448803305643E-004   0.8001721956287E+002  -0.3408054060729E-001
    -2       2    2   1   0.695034800E-09                 138.700000000       9.88279795047         2   0   1 0.1448803281696E-004   0.8001673686136E+002  -0.3414108413952E-001
    -2       2    2   1   0.695034800E-09                 139.200000000       9.88258954532         2   0   1 0.1448803233802E-004   0.8001625735285E+002  -0.3420102201485E-001
    -2       2    2   1   0.695034800E-09                 139.700000000       9.88238328541         2   0   1 0.1448803281696E-004   0.8001578068442E+002  -0.3426035220941E-001
    -2       2    2   1   0.695034800E-09                 140.200000000       9.88217917943         2   0   1 0.1448803305643E-004   0.8001530266509E+002  -0.3431907253494E-001
    -2       2    2   1   0.695034800E-09                 140.700000000       9.88197723627         2   0   1 0.1448803257749E-004   0.8001482718290E+002  -0.3437718092700E-001
    -2       2    2   1   0.695034800E-09                 141.200000000       9.88177746476         2   0   1 0.1448803257749E-004   0.8001434390627E+002  -0.3443467533870E-001
    -2       2    2   1   0.695034800E-09                 141.700000000       9.88157987370         2   0   1 0.1448803377484E-004   0.8001387402926E+002  -0.3449155339683E-001
    -2       2    2   1   0.695034800E-09                 142.200000000       9.88138447229         2   0   1 0.1448803353537E-004   0.8001339298466E+002  -0.3454781314974E-001
    -2       2    2   1   0.695034800E-09                 142.700000000       9.88119126949         2   0   1 0.1448803233802E-004   0.8001290904840E+002  -0.3460345234930E-001
    -2       2    2   1   0.695034800E-09                 143.200000000       9.88100027443         2   0   1 0.1448803281696E-004   0.8001242901992E+002  -0.3465846873122E-001
    -2       2    2   1   0.695034800E-09                 143.700000000       9.88081149619         2   0   1 0.1448803257749E-004   0.8001196763216E+002  -0.3471285984450E-001
    -2       2    2   1   0.695034800E-09                 144.200000000       9.88062494417         2   0   1 0.1448803353537E-004   0.8001147356197E+002  -0.3476662401722E-001
    -2       2    2   1   0.695034800E-09                 144.700000000       9.88044062768         2   0   1 0.1448803233802E-004   0.8001097718096E+002  -0.3481975866262E-001
    -2       2    2   1   0.695034800E-09                 145.200000000       9.88025855583         2   0   1 0.1448803377484E-004   0.8001051235261E+002  -0.3487226088740E-001
    -2       2    2   1   0.695034800E-09                 145.700000000       9.88007873846         2   0   1 0.1448803353537E-004   0.8001002461903E+002  -0.3492412971794E-001
    -2       2    2   1   0.695034800E-09                 146.200000000       9.87990118479         2   0   1 0.1448803353537E-004   0.8000957394479E+002  -0.3497536139430E-001
    -2       2    2   1   0.695034800E-09                 146.700000000       9.87972590476         2   0   1 0.1448803281696E-004   0.8000905346307E+002  -0.3502595494651E-001
    -2       2    2   1   0.695034800E-09                 147.200000000       9.87955290768         2   0   1 0.1448803305643E-004   0.8000857754117E+002  -0.3507590680683E-001
    -2       2    2   1   0.695034800E-09                 147.700000000       9.87938220338         2   0   1 0.1448803329590E-004   0.8000809312457E+002  -0.3512521513650E-001
    -2       2    2   1   0.695034800E-09                 148.200000000       9.87921380177         2   0   1 0.1448803305643E-004   0.8000761090750E+002  -0.3517387743370E-001
    -2       2    2   1   0.695034800E-09                 148.700000000       9.87904771272         2   0   1 0.1448803281696E-004   0.8000711810824E+002  -0.3522189122595E-001
    -2       2    2   1   0.695034800E-09                 149.200000000       9.87888394616         2   0   1 0.1448803305643E-004   0.8000663227473E+002  -0.3526925421393E-001
    -2       2    2   1   0.695034800E-09                 149.700000000       9.87872251193         2   0   1 0.1448803281696E-004   0.8000618349710E+002  -0.3531596327420E-001
    -2       2    2   1   0.695034800E-09                 150.200000000       9.87856342060         2   0   1 0.1448803209855E-004   0.8000568249151E+002  -0.3536201703616E-001
    -2       2    2   1   0.695034800E-09                 150.700000000       9.87840668196         2   0   1 0.1448803401431E-004   0.8000518969869E+002  -0.3540741204537E-001
    -2       2    2   1   0.695034800E-09                 151.200000000       9.87825230662         2   0   1 0.1448803305643E-004   0.8000469042674E+002  -0.3545214615921E-001
    -2       2    2   1   0.695034800E-09                 151.700000000       9.87810030462         2   0   1 0.1448803305643E-004   0.8000420948661E+002  -0.3549621644929E-001
    -2       2    2   1   0.695034800E-09                 152.200000000       9.87795068663         2   0   1 0.1448803233802E-004   0.8000373787955E+002  -0.3553962047969E-001
    -2       2    2   1   0.695034800E-09                 152.700000000       9.87780346312         2   0   1 0.1448803281696E-004   0.8000322659588E+002  -0.3558235590298E-001
    -2       2    2   1   0.695034800E-09                 153.200000000       9.87765864469         2   0   1 0.1448803281696E-004   0.8000273787307E+002  -0.3562441960796E-001
    -2       2    2   1   0.695034800E-09                 153.700000000       9.87751624201         2   0   1 0.1448803281696E-004   0.8000225129651E+002  -0.3566580907619E-001
    -2       2    2   1   0.695034800E-09                 154.200000000       9.87737626598         2   0   1 0.1448803281696E-004   0.8000176521929E+002  -0.3570652155061E-001
    -2       2    2   1   0.695034800E-09                 154.700000000       9.87723872737         2   0   1 0.1448803305643E-004   0.8000127415488E+002  -0.3574655440732E-001
    -2       2    2   1   0.695034800E-09                 155.200000000       9.87710363726         2   0   1 0.1448803305643E-004   0.8000078694739E+002  -0.3578590476304E-001
    -2       2    2   1   0.695034800E-09                 155.700000000       9.87697100656         2   0   1 0.1448803329590E-004   0.8000032440984E+002  -0.3582456961181E-001
    -2       2    2   1   0.695034800E-09                 156.200000000       9.87684084670         2   0   1 0.1448803377484E-004   0.7999981770836E+002  -0.3586254672497E-001
    -2       2    2   1   0.695034800E-09                 156.700000000       9.87671316874         2   0   1 0.1448803233802E-004   0.7999933566881E+002  -0.3589983273573E-001
    -2       2    2   1   0.695034800E-09                 157.200000000       9.87658798405         2   0   1 0.1448803305643E-004   0.7999885007693E+002  -0.3593642487119E-001
    -2       2    2   1   0.695034800E-09                 157.700000000       9.87646530428         2   0   1 0.1448803281696E-004   0.7999832594031E+002  -0.3597232056000E-001
    -2       2    2   1   0.695034800E-09                 158.200000000       9.87634514061         2   0   1 0.1448803377484E-004   0.7999784166758E+002  -0.3600751615313E-001
    -2       2    2   1   0.695034800E-09                 158.700000000       9.87622750500         2   0   1 0.1448803185908E-004   0.7999736821323E+002  -0.3604200880979E-001
    -2       2    2   1   0.695034800E-09                 159.200000000       9.87611240916         2   0   1 0.1448803281696E-004   0.7999685108338E+002  -0.3607579648088E-001
    -2       2    2   1   0.695034800E-09                 159.700000000       9.87599986498         2   0   1 0.1448803257749E-004   0.7999635358162E+002  -0.3610887499155E-001
    -2       2    2   1   0.695034800E-09                 160.200000000       9.87588988435         2   0   1 0.1448803305643E-004   0.7999585846981E+002  -0.3614124168340E-001
    -2       2    2   1   0.695034800E-09                 160.700000000       9.87578247911         2   0   1 0.1448803473272E-004   0.7999541149123E+002  -0.3617289290036E-001
    -2       2    2   1   0.695034800E-09                 161.200000000       9.87567766224         2   0   1 0.1448803257749E-004   0.7999486506741E+002  -0.3620382697119E-001
    -2       2    2   1   0.695034800E-09                 161.700000000       9.87557544530         2   0   1 0.1448803305643E-004   0.7999437169534E+002  -0.3623403924815E-001
    -2       2    2   1   0.695034800E-09                 162.200000000       9.87547584092         2   0   1 0.1448803353537E-004   0.7999388603532E+002  -0.3626352690576E-001
    -2       2    2   1   0.695034800E-09                 162.700000000       9.87537886182         2   0   1 0.1448803329590E-004   0.7999338108600E+002  -0.3629228696273E-001
    -2       2    2   1   0.695034800E-09                 163.200000000       9.87528452034         2   0   1 0.1448803329590E-004   0.7999288639409E+002  -0.3632031587267E-001
    -2       2    2   1   0.695034800E-09                 163.700000000       9.87519282962         2   0   1 0.1448803305643E-004   0.7999238057484E+002  -0.3634761046943E-001
    -2       2    2   1   0.695034800E-09                 164.200000000       9.87510380233         2   0   1 0.1448803329590E-004   0.7999189152680E+002  -0.3637416713210E-001
    -2       2    2   1   0.695034800E-09                 164.700000000       9.87501745152         2   0   1 0.1448803353537E-004   0.7999139120511E+002  -0.3639998271360E-001
    -2       2    2   1   0.695034800E-09                 165.200000000       9.87493379038         2   0   1 0.1448803353537E-004   0.7999089359797E+002  -0.3642505364643E-001
    -2       2    2   1   0.695034800E-09                 165.700000000       9.87485283219         2   0   1 0.1448803329590E-004   0.7999039149696E+002  -0.3644937653932E-001
    -2       2    2   1   0.695034800E-09                 166.200000000       9.87477459030         2   0   1 0.1448803329590E-004   0.7998989496252E+002  -0.3647294772219E-001
    -2       2    2   1   0.695034800E-09                 166.700000000       9.87469907840         2   0   1 0.1448803329590E-004   0.7998939019447E+002  -0.3649576377362E-001
    -2       2    2   1   0.695034800E-09                 167.200000000       9.87462630997         2   0   1 0.1448803257749E-004   0.7998891002254E+002  -0.3651782075685E-001
    -2       2    2   1   0.695034800E-09                 167.700000000       9.87455629904         2   0   1 0.1448803281696E-004   0.7998838353033E+002  -0.3653911569715E-001
    -2       2    2   1   0.695034800E-09                 168.200000000       9.87448905941         2   0   1 0.1448803233802E-004   0.7998787761196E+002  -0.3655964428727E-001
    -2       2    2   1   0.695034800E-09                 168.700000000       9.87442460515         2   0   1 0.1448803353537E-004   0.7998738272266E+002  -0.3657940283809E-001
    -2       2    2   1   0.695034800E-09                 169.200000000       9.87436295070         2   0   1 0.1448803305643E-004   0.7998687412826E+002  -0.3659838780534E-001
    -2       2    2   1   0.695034800E-09                 169.700000000       9.87430411019         2   0   1 0.1448803401431E-004   0.7998638408393E+002  -0.3661659505227E-001
    -2       2    2   1   0.695034800E-09                 170.200000000       9.87424809845         2   0   1 0.1448803305643E-004   0.7998586534362E+002  -0.3663402117032E-001
    -2       2    2   1   0.695034800E-09                 170.700000000       9.87419492979         2   0   1 0.1448803377484E-004   0.7998540029005E+002  -0.3665066127596E-001
    -2       2    2   1   0.695034800E-09                 171.200000000       9.87414461965         2   0   1 0.1448803281696E-004   0.7998485263653E+002  -0.3666651306128E-001
    -2       2    2   1   0.695034800E-09                 171.700000000       9.87409718243         2   0   1 0.1448803377484E-004   0.7998435736073E+002  -0.3668157087693E-001
    -2       2    2   1   0.695034800E-09                 172.200000000       9.87405263351         2   0   1 0.1448803377484E-004   0.7998387957726E+002  -0.3669583107723E-001
    -2       2    2   1   0.695034800E-09                 172.700000000       9.87401098852         2   0   1 0.1448803281696E-004   0.7998333219580E+002  -0.3670929037343E-001
    -2       2    2   1   0.695034800E-09                 173.200000000       9.87397226244         2   0   1 0.1448803329590E-004   0.7998283186938E+002  -0.3672194345842E-001
    -2       2    2   1   0.695034800E-09                 173.700000000       9.87393647141         2   0   1 0.1448803305643E-004   0.7998232224059E+002  -0.3673378667516E-001
    -2       2    2   1   0.695034800E-09                 174.200000000       9.87390363089         2   0   1 0.1448803329590E-004   0.7998181836692E+002  -0.3674481540202E-001
    -2       2    2   1   0.695034800E-09                 174.700000000       9.87387375710         2   0   1 0.1448803377484E-004   0.7998131245769E+002  -0.3675502567833E-001
    -2       2    2   1   0.695034800E-09                 175.200000000       9.87384686631         2   0   1 0.1448803281696E-004   0.7998079414787E+002  -0.3676441290136E-001
    -2       2    2   1   0.695034800E-09                 175.700000000       9.87382297469         2   0   1 0.1448803353537E-004   0.7998028452677E+002  -0.3677297248615E-001
    -2       2    2   1   0.695034800E-09                 176.200000000       9.87380209899         2   0   1 0.1448803257749E-004   0.7997977025784E+002  -0.3678070018659E-001
    -2       2    2   1   0.695034800E-09                 176.700000000       9.87378425585         2   0   1 0.1448803281696E-004   0.7997925903328E+002  -0.3678759122262E-001
    -2       2    2   1   0.695034800E-09                 177.200000000       9.87376946220         2   0   1 0.1448803377484E-004   0.7997875243283E+002  -0.3679364090775E-001
    -2       2    2   1   0.695034800E-09                 177.700000000       9.87375773539         2   0   1 0.1448803209855E-004   0.7997822861167E+002  -0.3679884486947E-001
    -2       2    2   1   0.695034800E-09                 178.200000000       9.87374909244         2   0   1 0.1448803305643E-004   0.7997772640755E+002  -0.3680319783100E-001
    -2       2    2   1   0.695034800E-09                 178.700000000       9.87374355117         2   0   1 0.1448803281696E-004   0.7997720718402E+002  -0.3680669543828E-001
    -2       2    2   1   0.695034800E-09                 179.200000000       9.87374112920         2   0   1 0.1448803353537E-004   0.7997669962543E+002  -0.3680933242649E-001
    -2       2    2   1   0.695034800E-09                 179.700000000       9.87374184466         2   0   1 0.1448803353537E-004   0.7997618497822E+002  -0.3681110415547E-001
    -2       2    2   1   0.695034800E-09                 180.200000000       9.87374571562         2   0   1 0.1448803281696E-004   0.7997567062982E+002  -0.3681200554399E-001
    -2       2    2   1   0.695034800E-09                 180.700000000       9.87375276042         2   0   1 0.1448803257749E-004   0.7997514446224E+002  -0.3681203089660E-001
    -2       2    2   1   0.695034800E-09                 181.200000000       9.87376299764         2   0   1 0.1448803329590E-004   0.7997466631057E+002  -0.3681117532602E-001
    -2       2    2   1   0.695034800E-09                 181.700000000       9.87377644661         2   0   1 0.1448803257749E-004   0.7997411432657E+002  -0.3680943457947E-001
    -2       2    2   1   0.695034800E-09                 182.200000000       9.87379312593         2   0   1 0.1448803257749E-004   0.7997359508238E+002  -0.3680680211823E-001
    -2       2    2   1   0.695034800E-09                 182.700000000       9.87381305509         2   0   1 0.1448803329590E-004   0.7997308577960E+002  -0.3680327279663E-001
    -2       2    2   1   0.695034800E-09                 183.200000000       9.87383625366         2   0   1 0.1448803401431E-004   0.7997257327045E+002  -0.3679884129907E-001
    -2       2    2   1   0.695034800E-09                 183.700000000       9.87386274163         2   0   1 0.1448803353537E-004   0.7997204809219E+002  -0.3679350216854E-001
    -2       2    2   1   0.695034800E-09                 184.200000000       9.87389253887         2   0   1 0.1448803401431E-004   0.7997153076531E+002  -0.3678724954932E-001
    -2       2    2   1   0.695034800E-09                 184.700000000       9.87392566589         2   0   1 0.1448803257749E-004   0.7997100278980E+002  -0.3678007787817E-001
    -2       2    2   1   0.695034800E-09                 185.200000000       9.87396214315         2   0   1 0.1448803233802E-004   0.7997050293199E+002  -0.3677198102186E-001
    -2       2    2   1   0.695034800E-09                 185.700000000       9.87400199167         2   0   1 0.1448803281696E-004   0.7996996032990E+002  -0.3676295368719E-001
    -2       2    2   1   0.695034800E-09                 186.200000000       9.87404523248         2   0   1 0.1448803305643E-004   0.7996943589022E+002  -0.3675298939542E-001
    -2       2    2   1   0.695034800E-09                 186.700000000       9.87409188707         2   0   1 0.1448803233802E-004   0.7996891034045E+002  -0.3674208222711E-001
    -2       2    2   1   0.695034800E-09                 187.200000000       9.87414197711         2   0   1 0.1448803305643E-004   0.7996839743975E+002  -0.3673022586820E-001
    -2       2    2   1   0.695034800E-09                 187.700000000       9.87419552478         2   0   1 0.1448803281696E-004   0.7996786909715E+002  -0.3671741439149E-001
    -2       2    2   1   0.695034800E-09                 188.200000000       9.87425255215         2   0   1 0.1448803401431E-004   0.7996735985965E+002  -0.3670364097589E-001
    -2       2    2   1   0.695034800E-09                 188.700000000       9.87431308200         2   0   1 0.1448803377484E-004   0.7996685359330E+002  -0.3668889959760E-001
    -2       2    2   1   0.695034800E-09                 189.200000000       9.87437713743         2   0   1 0.1448803305643E-004   0.7996629599378E+002  -0.3667318398425E-001
    -2       2    2   1   0.695034800E-09                 189.700000000       9.87444474133         2   0   1 0.1448803353537E-004   0.7996577567276E+002  -0.3665648666998E-001
    -2       2    2   1   0.695034800E-09                 190.200000000       9.87451591761         2   0   1 0.1448803305643E-004   0.7996524181686E+002  -0.3663880145064E-001
    -2       2    2   1   0.695034800E-09                 190.700000000       9.87459068987         2   0   1 0.1448803353537E-004   0.7996472240772E+002  -0.3662012123466E-001
    -2       2    2   1   0.695034800E-09                 191.200000000       9.87466908258         2   0   1 0.1448803353537E-004   0.7996419485377E+002  -0.3660043914113E-001
    -2       2    2   1   0.695034800E-09                 191.700000000       9.87475112042         2   0   1 0.1448803305643E-004   0.7996366127363E+002  -0.3657974816659E-001
    -2       2    2   1   0.695034800E-09                 192.200000000       9.87483682810         2   0   1 0.1448803209855E-004   0.7996314984410E+002  -0.3655804080940E-001
    -2       2    2   1   0.695034800E-09                 192.700000000       9.87492623104         2   0   1 0.1448803425378E-004   0.7996261549970E+002  -0.3653531012941E-001
    -2       2    2   1   0.695034800E-09                 193.200000000       9.87501935508         2   0   1 0.1448803329590E-004   0.7996207287901E+002  -0.3651154868304E-001
    -2       2    2   1   0.695034800E-09                 193.700000000       9.87511622619         2   0   1 0.1448803305643E-004   0.7996154401613E+002  -0.3648674861995E-001
    -2       2    2   1   0.695034800E-09                 194.200000000       9.87521687087         2   0   1 0.1448803329590E-004   0.7996101255132E+002  -0.3646090243250E-001
    -2       2    2   1   0.695034800E-09                 194.700000000       9.87532131590         2   0   1 0.1448803329590E-004   0.7996048440499E+002  -0.3643400245673E-001
    -2       2    2   1   0.695034800E-09                 195.200000000       9.87542958878         2   0   1 0.1448803281696E-004   0.7995994620278E+002  -0.3640604031446E-001
    -2       2    2   1   0.695034800E-09                 195.700000000       9.87554171704         2   0   1 0.1448803329590E-004   0.7995941571238E+002  -0.3637700831339E-001
    -2       2    2   1   0.695034800E-09                 196.200000000       9.87565772889         2   0   1 0.1448803209855E-004   0.7995887502583E+002  -0.3634689822413E-001
    -2       2    2   1   0.695034800E-09                 196.700000000       9.87577765272         2   0   1 0.1448803329590E-004   0.7995834704070E+002  -0.3631570150992E-001
    -2       2    2   1   0.695034800E-09                 197.200000000       9.87590151779         2   0   1 0.1448803305643E-004   0.7995781123199E+002  -0.3628340983529E-001
    -2       2    2   1   0.695034800E-09                 197.700000000       9.87602935345         2   0   1 0.1448803353537E-004   0.7995727930519E+002  -0.3625001446981E-001
    -2       2    2   1   0.695034800E-09                 198.200000000       9.87616118975         2   0   1 0.1448803281696E-004   0.7995673300017E+002  -0.3621550679180E-001
    -2       2    2   1   0.695034800E-09                 198.700000000       9.87629705702         2   0   1 0.1448803257749E-004   0.7995619773222E+002  -0.3617987762519E-001
    -2       2    2   1   0.695034800E-09                 199.200000000       9.87643698617         2   0   1 0.1448803329590E-004   0.7995566103165E+002  -0.3614311795463E-001
    -2       2    2   1   0.695034800E-09                 199.700000000       9.87658100872         2   0   1 0.1448803353537E-004   0.7995513502535E+002  -0.3610521840243E-001
    -2       2    2   1   0.695034800E-09                 200.200000000       9.87672915665         2   0   1 0.1448803305643E-004   0.7995459198739E+002  -0.3606616981308E-001
    -2       2    2   1   0.695034800E-09                 200.700000000       9.87688146254         2   0   1 0.1448803257749E-004   0.7995405424936E+002  -0.3602596236943E-001
    -2       2    2   1   0.695034800E-09                 201.200000000       9.87703795916         2   0   1 0.1448803305643E-004   0.7995351638944E+002  -0.3598458629002E-001
    -2       2    2   1   0.695034800E-09                 201.700000000       9.87719868029         2   0   1 0.1448803257749E-004   0.7995299779614E+002  -0.3594203145183E-001
    -2       2    2   1   0.695034800E-09                 202.200000000       9.87736366020         2   0   1 0.1448803233802E-004   0.7995242826301E+002  -0.3589828849105E-001
    -2       2    2   1   0.695034800E-09                 202.700000000       9.87753293358         2   0   1 0.1448803233802E-004   0.7995188353423E+002  -0.3585334623546E-001
    -2       2    2   1   0.695034800E-09                 203.200000000       9.87770653549         2   0   1 0.1448803281696E-004   0.7995137427055E+002  -0.3580719395512E-001
    -2       2    2   1   0.695034800E-09                 203.700000000       9.87788450264         2   0   1 0.1448803281696E-004   0.7995080467158E+002  -0.3575982201992E-001
    -2       2    2   1   0.695034800E-09                 204.200000000       9.87806687108         2   0   1 0.1448803281696E-004   0.7995026582149E+002  -0.3571121859045E-001
    -2       2    2   1   0.695034800E-09                 204.700000000       9.87825367837         2   0   1 0.1448803257749E-004   0.7994971626449E+002  -0.3566137292420E-001
    -2       2    2   1   0.695034800E-09                 205.200000000       9.87844496243         2   0   1 0.1448803161961E-004   0.7994916628541E+002  -0.3561027340382E-001
    -2       2    2   1   0.695034800E-09                 205.700000000       9.87864076180         2   0   1 0.1448803209855E-004   0.7994862604717E+002  -0.3555790856523E-001
    -2       2    2   1   0.695034800E-09                 206.200000000       9.87884111609         2   0   1 0.1448803281696E-004   0.7994808338032E+002  -0.3550426647999E-001
    -2       2    2   1   0.695034800E-09                 206.700000000       9.87904606529         2   0   1 0.1448803209855E-004   0.7994753620679E+002  -0.3544933527897E-001
    -2       2    2   1   0.695034800E-09                 207.200000000       9.87925565014         2   0   1 0.1448803329590E-004   0.7994702630245E+002  -0.3539310226083E-001
    -2       2    2   1   0.695034800E-09                 207.700000000       9.87946991272         2   0   1 0.1448803329590E-004   0.7994645473410E+002  -0.3533555586587E-001
    -2       2    2   1   0.695034800E-09                 208.200000000       9.87968889508         2   0   1 0.1448803281696E-004   0.7994589895799E+002  -0.3527668247900E-001
    -2       2    2   1   0.695034800E-09                 208.700000000       9.87991264061         2   0   1 0.1448803353537E-004   0.7994535708193E+002  -0.3521646909905E-001
    -2       2    2   1   0.695034800E-09                 209.200000000       9.88014119345         2   0   1 0.1448803329590E-004   0.7994480578874E+002  -0.3515490262379E-001
    -2       2    2   1   0.695034800E-09                 209.700000000       9.88037459853         2   0   1 0.1448803281696E-004   0.7994425252302E+002  -0.3509196934741E-001
    -2       2    2   1   0.695034800E-09                 210.200000000       9.88061290162         2   0   1 0.1448803305643E-004   0.7994373198769E+002  -0.3502765516456E-001
    -2       2    2   1   0.695034800E-09                 210.700000000       9.88085614985         2   0   1 0.1448803281696E-004   0.7994315390707E+002  -0.3496194648710E-001
    -2       2    2   1   0.695034800E-09                 211.200000000       9.88110439063         2   0   1 0.1448803281696E-004   0.7994260350741E+002  -0.3489482824284E-001
    -2       2    2   1   0.695034800E-09                 211.700000000       9.88135767274         2   0   1 0.1448803353537E-004   0.7994205340837E+002  -0.3482628583469E-001
    -2       2    2   1   0.695034800E-09                 212.200000000       9.88161604610         2   0   1 0.1448803281696E-004   0.7994149803681E+002  -0.3475630419308E-001
    -2       2    2   1   0.695034800E-09                 212.700000000       9.88187956121         2   0   1 0.1448803353537E-004   0.7994095312773E+002  -0.3468486821507E-001
    -2       2    2   1   0.695034800E-09                 213.200000000       9.88214827021         2   0   1 0.1448803257749E-004   0.7994039012070E+002  -0.3461196072658E-001
    -2       2    2   1   0.695034800E-09                 213.700000000       9.88242222579         2   0   1 0.1448803305643E-004   0.7993984197267E+002  -0.3453756690582E-001
    -2       2    2   1   0.695034800E-09                 214.200000000       9.88270148217         2   0   1 0.1448803377484E-004   0.7993929440736E+002  -0.3446166986359E-001
    -2       2    2   1   0.695034800E-09                 214.700000000       9.88298609470         2   0   1 0.1448803257749E-004   0.7993873009171E+002  -0.3438425278520E-001
    -2       2    2   1   0.695034800E-09                 215.200000000       9.88327611981         2   0   1 0.1448803281696E-004   0.7993817370482E+002  -0.3430529817409E-001
    -2       2    2   1   0.695034800E-09                 215.700000000       9.88357161523         2   0   1 0.1448803281696E-004   0.7993761867334E+002  -0.3422478840902E-001
    -2       2    2   1   0.695034800E-09                 216.200000000       9.88387264000         2   0   1 0.1448803305643E-004   0.7993706234604E+002  -0.3414270535770E-001
    -2       2    2   1   0.695034800E-09                 216.700000000       9.88417925460         2   0   1 0.1448803329590E-004   0.7993650690054E+002  -0.3405903053044E-001
    -2       2    2   1   0.695034800E-09                 217.200000000       9.88449152079         2   0   1 0.1448803233802E-004   0.7993594507579E+002  -0.3397374494519E-001
    -2       2    2   1   0.695034800E-09                 217.700000000       9.88480950168         2   0   1 0.1448803329590E-004   0.7993538917463E+002  -0.3388682904337E-001
    -2       2    2   1   0.695034800E-09                 218.200000000       9.88513326227         2   0   1 0.1448803281696E-004   0.7993482510865E+002  -0.3379826310384E-001
    -2       2    2   1   0.695034800E-09                 218.700000000       9.88546286845         2   0   1 0.1448803353537E-004   0.7993427625063E+002  -0.3370802640093E-001
    -2       2    2   1   0.695034800E-09                 219.200000000       9.88579838840         2   0   1 0.1448803257749E-004   0.7993370910489E+002  -0.3361609839256E-001
    -2       2    2   1   0.695034800E-09                 219.700000000       9.88613989152         2   0   1 0.1448803257749E-004   0.7993314577143E+002  -0.3352245724567E-001
    -2       2    2   1   0.695034800E-09                 220.200000000       9.88648744877         2   0   1 0.1448803329590E-004   0.7993258979261E+002  -0.3342708138317E-001
    -2       2    2   1   0.695034800E-09                 220.700000000       9.88684113337         2   0   1 0.1448803377484E-004   0.7993203463436E+002  -0.3332994785961E-001
    -2       2    2   1   0.695034800E-09                 221.200000000       9.88720102014         2   0   1 0.1448803257749E-004   0.7993148409995E+002  -0.3323103351576E-001
    -2       2    2   1   0.695034800E-09                 221.700000000       9.88756718578         2   0   1 0.1448803305643E-004   0.7993090204216E+002  -0.3313031529157E-001
    -2       2    2   1   0.695034800E-09                 222.200000000       9.88793970881         2   0   1 0.1448803377484E-004   0.7993034110608E+002  -0.3302776792513E-001
    -2       2    2   1   0.695034800E-09                 222.700000000       9.88831867007         2   0   1 0.1448803401431E-004   0.7992978022613E+002  -0.3292336667659E-001
    -2       2    2   1   0.695034800E-09                 223.200000000       9.88870415244         2   0   1 0.1448803281696E-004   0.7992920793907E+002  -0.3281708602413E-001
    -2       2    2   1   0.695034800E-09                 223.700000000       9.88909624105         2   0   1 0.1448803305643E-004   0.7992864396553E+002  -0.3270889922678E-001
    -2       2    2   1   0.695034800E-09                 224.200000000       9.88949502316         2   0   1 0.1448803353537E-004   0.7992808577448E+002  -0.3259877914417E-001
    -2       2    2   1   0.695034800E-09                 224.700000000       9.88990058871         2   0   1 0.1448803233802E-004   0.7992750899157E+002  -0.3248669812899E-001
    -2       2    2   1   0.695034800E-09                 225.200000000       9.89031302981         2   0   1 0.1448803305643E-004   0.7992694292027E+002  -0.3237262716872E-001
    -2       2    2   1   0.695034800E-09                 225.700000000       9.89073244149         2   0   1 0.1448803233802E-004   0.7992636877715E+002  -0.3225653676557E-001
    -2       2    2   1   0.695034800E-09                 226.200000000       9.89115892109         2   0   1 0.1448803377484E-004   0.7992582025658E+002  -0.3213839620221E-001
    -2       2    2   1   0.695034800E-09                 226.700000000       9.89159256935         2   0   1 0.1448803401431E-004   0.7992524945375E+002  -0.3201817481386E-001
    -2       2    2   1   0.695034800E-09                 227.200000000       9.89203348945         2   0   1 0.1448803233802E-004   0.7992466622284E+002  -0.3189583985567E-001
    -2       2    2   1   0.695034800E-09                 227.700000000       9.89248178773         2   0   1 0.1448803305643E-004   0.7992410703532E+002  -0.3177135803412E-001
    -2       2    2   1   0.695034800E-09                 228.200000000       9.89293757393         2   0   1 0.1448803353537E-004   0.7992353975028E+002  -0.3164469521163E-001
    -2       2    2   1   0.695034800E-09                 228.700000000       9.89340096103         2   0   1 0.1448803233802E-004   0.7992295662812E+002  -0.3151581639370E-001
    -2       2    2   1   0.695034800E-09                 229.200000000       9.89387206528         2   0   1 0.1448803329590E-004   0.7992239434940E+002  -0.3138468453737E-001
    -2       2    2   1   0.695034800E-09                 229.700000000       9.89435100708         2   0   1 0.1448803257749E-004   0.7992181324747E+002  -0.3125126248788E-001
    -2       2    2   1   0.695034800E-09                 230.200000000       9.89483790983         2   0   1 0.1448803353537E-004   0.7992125161496E+002  -0.3111551109425E-001
    -2       2    2   1   0.695034800E-09                 230.700000000       9.89533290193         2   0   1 0.1448803353537E-004   0.7992067835096E+002  -0.3097739058842E-001
    -2       2    2   1   0.695034800E-09                 231.200000000       9.89583611524         2   0   1 0.1448803329590E-004   0.7992010212601E+002  -0.3083685941296E-001
    -2       2    2   1   0.695034800E-09                 231.700000000       9.89634768611         2   0   1 0.1448803329590E-004   0.7991952941090E+002  -0.3069387466837E-001
    -2       2    2   1   0.695034800E-09                 232.200000000       9.89686775566         2   0   1 0.1448803305643E-004   0.7991895272953E+002  -0.3054839221815E-001
    -2       2    2   1   0.695034800E-09                 232.700000000       9.89739646973         2   0   1 0.1448803233802E-004   0.7991837533125E+002  -0.3040036615153E-001
    -2       2    2   1   0.695034800E-09                 233.200000000       9.89793397914         2   0   1 0.1448803209855E-004   0.7991779503752E+002  -0.3024974907730E-001
    -2       2    2   1   0.695034800E-09                 233.700000000       9.89848044008         2   0   1 0.1448803305643E-004   0.7991722676143E+002  -0.3009649167691E-001
    -2       2    2   1   0.695034800E-09                 234.200000000       9.89903601447         2   0   1 0.1448803329590E-004   0.7991665489919E+002  -0.2994054320862E-001
    -2       2    2   1   0.695034800E-09                 234.700000000       9.89960087028         2   0   1 0.1448803281696E-004   0.7991607674070E+002  -0.2978185089585E-001
    -2       2    2   1   0.695034800E-09                 235.200000000       9.90017518126         2   0   1 0.1448803329590E-004   0.7991549822088E+002  -0.2962035987152E-001
    -2       2    2   1   0.695034800E-09                 235.700000000       9.90075912788         2   0   1 0.1448803329590E-004   0.7991492812444E+002  -0.2945601323598E-001
    -2       2    2   1   0.695034800E-09                 236.200000000       9.90135289782         2   0   1 0.1448803401431E-004   0.7991434952812E+002  -0.2928875205367E-001
    -2       2    2   1   0.695034800E-09                 236.700000000       9.90195668579         2   0   1 0.1448803401431E-004   0.7991376952394E+002  -0.2911851489687E-001
    -2       2    2   1   0.695034800E-09                 237.200000000       9.90257069425         2   0   1 0.1448803449325E-004   0.7991319348191E+002  -0.2894523788737E-001
    -2       2    2   1   0.695034800E-09                 237.700000000       9.90319513411         2   0   1 0.1448803329590E-004   0.7991260209766E+002  -0.2876885478681E-001
    -2       2    2   1   0.695034800E-09                 238.200000000       9.90383022421         2   0   1 0.1448803329590E-004   0.7991204415631E+002  -0.2858929598354E-001
    -2       2    2   1   0.695034800E-09                 238.700000000       9.90447619331         2   0   1 0.1448803305643E-004   0.7991143879443E+002  -0.2840649021574E-001
    -2       2    2   1   0.695034800E-09                 239.200000000       9.90513327922         2   0   1 0.1448803257749E-004   0.7991085706170E+002  -0.2822036158698E-001
    -2       2    2   1   0.695034800E-09                 239.700000000       9.90580173047         2   0   1 0.1448803377484E-004   0.7991028382038E+002  -0.2803083183002E-001
    -2       2    2   1   0.695034800E-09                 240.200000000       9.90648180658         2   0   1 0.1448803281696E-004   0.7990969086222E+002  -0.2783781921455E-001
    -2       2    2   1   0.695034800E-09                 240.700000000       9.90717377851         2   0   1 0.1448803329590E-004   0.7990911429035E+002  -0.2764123779081E-001
    -2       2    2   1   0.695034800E-09                 241.200000000       9.90787792992         2   0   1 0.1448803305643E-004   0.7990852801573E+002  -0.2744099815600E-001
    -2       2    2   1   0.695034800E-09                 241.700000000       9.90859455789         2   0   1 0.1448803329590E-004   0.7990794536647E+002  -0.2723700616709E-001
    -2       2    2   1   0.695034800E-09                 242.200000000       9.90932397367         2   0   1 0.1448803305643E-004   0.7990736182653E+002  -0.2702916397243E-001
    -2       2    2   1   0.695034800E-09                 242.700000000       9.91006650371         2   0   1 0.1448803281696E-004   0.7990677045368E+002  -0.2681736805938E-001
    -2       2    2   1   0.695034800E-09                 243.200000000       9.91082249082         2   0   1 0.1448803305643E-004   0.7990621150882E+002  -0.2660150986802E-001
    -2       2    2   1   0.695034800E-09                 243.700000000       9.91159229562         2   0   1 0.1448803401431E-004   0.7990561070989E+002  -0.2638147602331E-001
    -2       2    2   1   0.695034800E-09                 244.200000000       9.91237629703         2   0   1 0.1448803281696E-004   0.7990501424457E+002  -0.2615714645684E-001
    -2       2    2   1   0.695034800E-09                 244.700000000       9.91317489427         2   0   1 0.1448803329590E-004   0.7990443255353E+002  -0.2592839481700E-001
    -2       2    2   1   0.695034800E-09                 245.200000000       9.91398850852         2   0   1 0.1448803257749E-004   0.7990386140697E+002  -0.2569508795149E-001
    -2       2    2   1   0.695034800E-09                 245.700000000       9.91481758422         2   0   1 0.1448803449325E-004   0.7990326418023E+002  -0.2545708560235E-001
    -2       2    2   1   0.695034800E-09                 246.200000000       9.91566259182         2   0   1 0.1448803329590E-004   0.7990266884526E+002  -0.2521423869099E-001
    -2       2    2   1   0.695034800E-09                 246.700000000       9.91652402913         2   0   1 0.1448803401431E-004   0.7990208566509E+002  -0.2496638969643E-001
    -2       2    2   1   0.695034800E-09                 247.200000000       9.91740242445         2   0   1 0.1448803281696E-004   0.7990148729061E+002  -0.2471337184893E-001
    -2       2    2   1   0.695034800E-09                 247.700000000       9.91829833854         2   0   1 0.1448803353537E-004   0.7990089756409E+002  -0.2445500766433E-001
    -2       2    2   1   0.695034800E-09                 248.200000000       9.91921236847         2   0   1 0.1448803305643E-004   0.7990030758967E+002  -0.2419110866715E-001
    -2       2    2   1   0.695034800E-09                 248.700000000       9.92014514960         2   0   1 0.1448803305643E-004   0.7989971500654E+002  -0.2392147404208E-001
    -2       2    2   1   0.695034800E-09                 249.200000000       9.92109736030         2   0   1 0.1448803329590E-004   0.7989912184840E+002  -0.2364588951509E-001
    -2       2    2   1   0.695034800E-09                 249.700000000       9.92206972577         2   0   1 0.1448803401431E-004   0.7989853798149E+002  -0.2336412582790E-001
    -2       2    2   1   0.695034800E-09                 250.200000000       9.92306302260         2   0   1 0.1448803329590E-004   0.7989794299445E+002  -0.2307593769701E-001
    -2       2    2   1   0.695034800E-09                 250.700000000       9.92407808456         2   0   1 0.1448803353537E-004   0.7989735052765E+002  -0.2278106157016E-001
    -2       2    2   1   0.695034800E-09                 251.200000000       9.92511580920         2   0   1 0.1448803353537E-004   0.7989675843894E+002  -0.2247921399975E-001
    -2       2    2   1   0.695034800E-09                 251.700000000       9.92617716491         2   0   1 0.1448803329590E-004   0.7989616712078E+002  -0.2217008959319E-001
    -2       2    2   1   0.695034800E-09                 252.200000000       9.92726319847         2   0   1 0.1448803281696E-004   0.7989556291207E+002  -0.2185335760520E-001
    -2       2    2   1   0.695034800E-09                 252.700000000       9.92837504480         2   0   1 0.1448803257749E-004   0.7989496682710E+002  -0.2152866080261E-001
    -2       2    2   1   0.695034800E-09                 253.200000000       9.92951393698         2   0   1 0.1448803305643E-004   0.7989437533231E+002  -0.2119561018745E-001
    -2       2    2   1   0.695034800E-09                 253.700000000       9.93068121935         2   0   1 0.1448803281696E-004   0.7989377775240E+002  -0.2085378210079E-001
    -2       2    2   1   0.695034800E-09                 254.200000000       9.93187836156         2   0   1 0.1448803377484E-004   0.7989319368793E+002  -0.2050271290180E-001
    -2       2    2   1   0.695034800E-09                 254.700000000       9.93310697807         2   0   1 0.1448803377484E-004   0.7989259495688E+002  -0.2014189490296E-001
    -2       2    2   1   0.695034800E-09                 255.200000000       9.93436884790         2   0   1 0.1448803377484E-004   0.7989199711871E+002  -0.1977076732748E-001
    -2       2    2   1   0.695034800E-09                 255.700000000       9.93566594023         2   0   1 0.1448803377484E-004   0.7989139670931E+002  -0.1938871145553E-001
    -2       2    2   1   0.695034800E-09                 256.200000000       9.93700044323         2   0   1 0.1448803401431E-004   0.7989080510098E+002  -0.1899503938645E-001
    -2       2    2   1   0.695034800E-09                 256.700000000       9.93837479923         2   0   1 0.1448803329590E-004   0.7989019751357E+002  -0.1858898439551E-001
    -2       2    2   1   0.695034800E-09                 257.200000000       9.93979174848         2   0   1 0.1448803281696E-004   0.7988959718877E+002  -0.1816968558849E-001
    -2       2    2   1   0.695034800E-09                 257.700000000       9.94125438513         2   0   1 0.1448803401431E-004   0.7988901031570E+002  -0.1773617160377E-001
    -2       2    2   1   0.695034800E-09                 258.200000000       9.94276622720         2   0   1 0.1448803377484E-004   0.7988840575540E+002  -0.1728733954232E-001
    -2       2    2   1   0.695034800E-09                 258.700000000       9.94433130240         2   0   1 0.1448803353537E-004   0.7988780657660E+002  -0.1682192813047E-001
    -2       2    2   1   0.695034800E-09                 259.200000000       9.94595425673         2   0   1 0.1448803305643E-004   0.7988720022459E+002  -0.1633848402568E-001
    -2       2    2   1   0.695034800E-09                 259.700000000       9.94764049348         2   0   1 0.1448803257749E-004   0.7988659554941E+002  -0.1583531714024E-001
    -2       2    2   1   0.695034800E-09                 260.200000000       9.94939636366         2   0   1 0.1448803425378E-004   0.7988601167507E+002  -0.1531044180522E-001
    -2       2    2   1   0.695034800E-09                 260.700000000       9.95122942374         2   0   1 0.1448803305643E-004   0.7988539354619E+002  -0.1476149885375E-001
    -2       2    2   1   0.695034800E-09                 261.200000000       9.95314878513         2   0   1 0.1448803305643E-004   0.7988479623241E+002  -0.1418564775463E-001
    -2       2    2   1   0.695034800E-09                 261.700000000       9.95516559538         2   0   1 0.1448803281696E-004   0.7988419308473E+002  -0.1357941685079E-001
    -2       2    2   1   0.695034800E-09                 262.200000000       9.95729373792         2   0   1 0.1448803329590E-004   0.7988360881780E+002  -0.1293848351794E-001
    -2       2    2   1   0.695034800E-09                 262.700000000       9.95955089775         2   0   1 0.1448803305643E-004   0.7988300679818E+002  -0.1225734617455E-001
    -2       2    2   1   0.695034800E-09                 263.200000000       9.96196022417         2   0   1 0.1448803305643E-004   0.7988238151497E+002  -0.1152881954041E-001
    -2       2    2   1   0.695034800E-09                 263.700000000       9.96455300603         2   0   1 0.1448803257749E-004   0.7988177177292E+002  -0.1074319762572E-001
    -2       2    2   1   0.695034800E-09                 264.200000000       9.96737336018         2   0   1 0.1448803377484E-004   0.7988117615744E+002  -0.9886802057839E-002
    -2       2    2   1   0.695034800E-09                 264.700000000       9.97048722054         2   0   1 0.1448803305643E-004   0.7988056589935E+002  -0.8939226069782E-002
    -2       2    2   1   0.695034800E-09                 265.200000000       9.97400125239         2   0   1 0.1448803401431E-004   0.7987996580720E+002  -0.7867492993848E-002
    -2       2    2   1   0.695034800E-09                 265.700000000       9.97811041613         2   0   1 0.1448803377484E-004   0.7987935677482E+002  -0.6611369428716E-002
    -2       2    2   1   0.695034800E-09                 266.200000000       9.98325669333         2   0   1 0.1448803377484E-004   0.7987874634182E+002  -0.5034517282504E-002
    -2       2    2   1   0.695034800E-09                 266.700000000       9.99115505574         2   0   1 0.1448803281696E-004   0.7987813795312E+002  -0.2608472737140E-002
    -2       2    1   1   0.695034800E-09                 267.200000000       9.99963161423         2   0   1-0.4334255733785E-003   0.7987813795312E+002  -0.2608472737140E-002
