  23Na-87Rb scattering length of Na|1,-1> + Rb|1,0>                               
  05 May 2021 14:30:15    NSTATE = 64   NQN =  5   NNRG =   1   NFIELD =   164
  JSTATE    -1  -1  -1  -1  -1  -1  -1  -1  -1  -1  -1  -1  -1  -1  -1
  JSTATE    -1  -1  -1  -1  -1  -1  -1  -1  -1  -1  -1  -1  -1  -1  -1
  JSTATE    -1  -1   1   1   1   1   1   1   1   1   1   1   1   1   1
  JSTATE     1   1   1   1   1   1   1   1   1   1   1   1   1   1   1
  JSTATE     1   1   1   1  -3  -3  -3  -3  -3  -3  -3  -3  -1  -1  -1
  JSTATE    -1  -1  -1  -1  -1   1   1   1   1   1   1   1   1   3   3
  JSTATE     3   3   3   3   3   3  -3  -3  -3  -3  -3  -3  -3  -3  -1
  JSTATE    -1  -1  -1  -1  -1  -1  -1   1   1   1   1   1   1   1   1
  JSTATE     3   3   3   3   3   3   3   3  -1  -1  -1  -1   1   1   1
  JSTATE     1  -1  -1  -1  -1   1   1   1   1  -1  -1  -1  -1   1   1
  JSTATE     1   1  -1  -1  -1  -1   1   1   1   1  -1  -1  -1  -1   1
  JSTATE     1   1   1  -1  -1  -1  -1   1   1   1   1  -1  -1  -1  -1
  JSTATE     1   1   1   1  -1  -1  -1  -1   1   1   1   1  -3  -1   1
  JSTATE     3  -3  -1   1   3  -3  -1   1   3  -3  -1   1   3  -3  -1
  JSTATE     1   3  -3  -1   1   3  -3  -1   1   3  -3  -1   1   3  -3
  JSTATE    -1   1   3  -3  -1   1   3  -3  -1   1   3  -3  -1   1   3
  JSTATE    -3  -1   1   3  -3  -1   1   3  -3  -1   1   3  -3  -1   1
  JSTATE     3   0   0   0   0   0   0   0   0   0   0   0   0   0   0
  JSTATE     0   0   0   0   0   0   0   0   0   0   0   0   0   0   0
  JSTATE     0   0   0   0   0   0   0   0   0   0   0   0   0   0   0
  JSTATE     0   0   0   0   0   0   0   0   0   0   0   0   0   0   0
  JSTATE     0   0   0   0   0

  JTOT  IBLOCK  NOP   I    ENERGY(I)/CM-1       MAGNETIC Z FIELD (GAUSS )   EIGENPHASE SUM/PI                                                SCATTERING LENGTH
                                                                                                 CHAN   L POW     WVEC*BOHR             RE(A)/BOHR             IM(A)/BOHR
    -2       2    2   1   0.695034800E-09                 0.00000000000       9.99926063437         1   0   1 0.1448803401431E-004   0.8016226681117E+002  -0.1074601528434E-003
    -2       2    2   1   0.695034800E-09                0.100000000000E-01   9.99929248487         1   0   1 0.1448803161961E-004   0.8016223252865E+002  -0.9820217282918E-004
    -2       2    2   1   0.695034800E-09                0.200000000000E-01   9.99932722441         1   0   1 0.1448803209855E-004   0.8016222757470E+002  -0.8810447319630E-004
    -2       2    2   1   0.695034800E-09                0.300000000000E-01   9.99936598948         1   0   1 0.1448803233802E-004   0.8016220888235E+002  -0.7683649452839E-004
    -2       2    2   1   0.695034800E-09                0.400000000000E-01   9.99941090371         1   0   1 0.1448803185908E-004   0.8016218815937E+002  -0.6378092820655E-004
    -2       2    2   1   0.695034800E-09                0.500000000000E-01   9.99946696260         1   0   1 0.1448803281696E-004   0.8016218846537E+002  -0.4748558849077E-004
    -2       2    2   1   0.695034800E-09                0.600000000000E-01   9.99955617837         1   0   1 0.1448803209855E-004   0.8016216685486E+002  -0.2155161572591E-004
    -2       2    1   1   0.695034800E-09                0.700000000000E-01   9.99963031741         1   0   1 0.1448803305643E-004   0.8016220104755E+002   0.5927887039231E-011
    -2       2    1   1   0.695034800E-09                0.800000000000E-01   9.99963031747         1   0   1 0.1448803209855E-004   0.8016219395032E+002  -0.7587177918002E-011
    -2       2    1   1   0.695034800E-09                0.900000000000E-01   9.99963031740         1   0   1 0.1448803281696E-004   0.8016220431766E+002   0.2827612088768E-011
    -2       2    1   1   0.695034800E-09                0.100000000000       9.99963031741         1   0   1 0.1448803305643E-004   0.8016220236791E+002  -0.7711238695574E-011
    -2       2    1   1   0.695034800E-09                0.110000000000       9.99963031751         1   0   1 0.1448803185908E-004   0.8016218602103E+002  -0.7431838342147E-012
    -2       2    1   1   0.695034800E-09                0.120000000000       9.99963031748         1   0   1 0.1448803257749E-004   0.8016218855411E+002   0.4477212106752E-011
    -2       2    1   1   0.695034800E-09                0.130000000000       9.99963031755         1   0   1 0.1448803233802E-004   0.8016217556240E+002  -0.7804211961561E-011
    -2       2    1   1   0.695034800E-09                0.140000000000       9.99963031758         1   0   1 0.1448803233802E-004   0.8016217008035E+002  -0.5421060149991E-011
    -2       2    1   1   0.695034800E-09                0.150000000000       9.99963031764         1   0   1 0.1448803209855E-004   0.8016215755439E+002  -0.8660948238338E-011
    -2       2    1   1   0.695034800E-09                0.160000000000       9.99963031764         1   0   1 0.1448803209855E-004   0.8016215648486E+002   0.5201731342474E-011
    -2       2    1   1   0.695034800E-09                0.170000000000       9.99963031765         1   0   1 0.1448803305643E-004   0.8016214985884E+002   0.5565890608748E-011
    -2       2    1   1   0.695034800E-09                0.180000000000       9.99963031771         1   0   1 0.1448803257749E-004   0.8016213873220E+002  -0.8931345423879E-011
    -2       2    1   1   0.695034800E-09                0.190000000000       9.99963031773         1   0   1 0.1448803281696E-004   0.8016213487246E+002   0.3934151605691E-011
    -2       2    1   1   0.695034800E-09                0.200000000000       9.99963031776         1   0   1 0.1448803305643E-004   0.8016212598925E+002  -0.3793033297182E-011
    -2       2    1   1   0.695034800E-09                0.210000000000       9.99963031785         1   0   1 0.1448803233802E-004   0.8016210947879E+002   0.6384595978719E-012
    -2       2    1   1   0.695034800E-09                0.220000000000       9.99963031786         1   0   1 0.1448803281696E-004   0.8016210645874E+002  -0.7350280128196E-012
    -2       2    1   1   0.695034800E-09                0.230000000000       9.99963031794         1   0   1 0.1448803185908E-004   0.8016209267255E+002   0.4808646565287E-011
    -2       2    1   1   0.695034800E-09                0.240000000000       9.99963031798         1   0   1 0.1448803233802E-004   0.8016208149141E+002   0.5414439065841E-011
    -2       2    1   1   0.695034800E-09                0.250000000000       9.99963031798         1   0   1 0.1448803257749E-004   0.8016208059282E+002  -0.3671413024556E-012
    -2       2    1   1   0.695034800E-09                0.260000000000       9.99963031810         1   0   1 0.1448803233802E-004   0.8016205695009E+002  -0.8957172184512E-012
    -2       2    1   1   0.695034800E-09                0.270000000000       9.99963031813         1   0   1 0.1448803233802E-004   0.8016205036522E+002  -0.6563350634687E-012
    -2       2    1   1   0.695034800E-09                0.280000000000       9.99963031814         1   0   1 0.1448803305643E-004   0.8016204344192E+002   0.1756794240661E-011
    -2       2    1   1   0.695034800E-09                0.290000000000       9.99963031822         1   0   1 0.1448803233802E-004   0.8016203090016E+002  -0.1675835861755E-011
    -2       2    1   1   0.695034800E-09                0.300000000000       9.99963031825         1   0   1 0.1448803233802E-004   0.8016202307150E+002   0.6150855630540E-011
    -2       2    1   1   0.695034800E-09                0.310000000000       9.99963031829         1   0   1 0.1448803257749E-004   0.8016201468294E+002  -0.2039936991963E-011
    -2       2    1   1   0.695034800E-09                0.320000000000       9.99963031835         1   0   1 0.1448803233802E-004   0.8016200123653E+002   0.2440783014226E-011
    -2       2    1   1   0.695034800E-09                0.330000000000       9.99963031840         1   0   1 0.1448803257749E-004   0.8016199052297E+002   0.3897158373353E-011
    -2       2    1   1   0.695034800E-09                0.340000000000       9.99963031848         1   0   1 0.1448803233802E-004   0.8016197298411E+002   0.4721563802870E-011
    -2       2    1   1   0.695034800E-09                0.350000000000       9.99963031852         1   0   1 0.1448803209855E-004   0.8016196602693E+002   0.1365784983509E-011
    -2       2    1   1   0.695034800E-09                0.360000000000       9.99963031854         1   0   1 0.1448803281696E-004   0.8016195825504E+002  -0.5583546924561E-011
    -2       2    1   1   0.695034800E-09                0.370000000000       9.99963031859         1   0   1 0.1448803257749E-004   0.8016194833051E+002  -0.4687888277523E-011
    -2       2    1   1   0.695034800E-09                0.380000000000       9.99963031867         1   0   1 0.1448803233802E-004   0.8016193172870E+002  -0.3581611890942E-011
    -2       2    1   1   0.695034800E-09                0.390000000000       9.99963031876         1   0   1 0.1448803185908E-004   0.8016191534065E+002   0.6519751084168E-011
    -2       2    1   1   0.695034800E-09                0.400000000000       9.99963031873         1   0   1 0.1448803281696E-004   0.8016191674048E+002  -0.2771427879870E-011
    -2       2    1   1   0.695034800E-09                0.410000000000       9.99963031886         1   0   1 0.1448803209855E-004   0.8016189304894E+002  -0.3449935685037E-011
    -2       2    1   1   0.695034800E-09                0.420000000000       9.99963031889         1   0   1 0.1448803233802E-004   0.8016188502026E+002  -0.3296452174022E-011
    -2       2    1   1   0.695034800E-09                0.430000000000       9.99963031893         1   0   1 0.1448803257749E-004   0.8016187577829E+002  -0.1369570502966E-011
    -2       2    1   1   0.695034800E-09                0.440000000000       9.99963031900         1   0   1 0.1448803233802E-004   0.8016186023477E+002   0.5769390563811E-011
    -2       2    1   1   0.695034800E-09                0.450000000000       9.99963031901         1   0   1 0.1448803305643E-004   0.8016185512185E+002  -0.1412673274887E-011
    -2       2    1   1   0.695034800E-09                0.460000000000       9.99963031895         1   0   1 0.1448803185908E-004   0.8016187382595E+002  -0.6262449606843E-011
    -2       2    1   1   0.695034800E-09                0.470000000000       9.99963031899         1   0   1 0.1448803233802E-004   0.8016186265185E+002  -0.4581234820699E-011
    -2       2    1   1   0.695034800E-09                0.480000000000       9.99963031921         1   0   1 0.1448803233802E-004   0.8016181473589E+002  -0.4338534815602E-011
    -2       2    1   1   0.695034800E-09                0.490000000000       9.99963031923         1   0   1 0.1448803329590E-004   0.8016180701286E+002   0.7324760211568E-011
    -2       2    1   1   0.695034800E-09                0.500000000000       9.99963031934         1   0   1 0.1448803209855E-004   0.8016178763414E+002   0.7024034970037E-011
    -2       2    1   1   0.695034800E-09                0.510000000000       9.99963031939         1   0   1 0.1448803233802E-004   0.8016177568445E+002   0.3277085868286E-011
    -2       2    1   1   0.695034800E-09                0.520000000000       9.99963031945         1   0   1 0.1448803233802E-004   0.8016176274696E+002   0.6929044951311E-011
    -2       2    1   1   0.695034800E-09                0.530000000000       9.99963031950         1   0   1 0.1448803257749E-004   0.8016175041553E+002   0.5398010502922E-011
    -2       2    1   1   0.695034800E-09                0.540000000000       9.99963031956         1   0   1 0.1448803257749E-004   0.8016173787117E+002   0.2643756470726E-011
    -2       2    1   1   0.695034800E-09                0.550000000000       9.99963031958         1   0   1 0.1448803305643E-004   0.8016173207869E+002  -0.1474133887403E-011
    -2       2    1   1   0.695034800E-09                0.560000000000       9.99963031966         1   0   1 0.1448803281696E-004   0.8016171524257E+002   0.7217215342085E-011
    -2       2    1   1   0.695034800E-09                0.570000000000       9.99963031971         1   0   1 0.1448803281696E-004   0.8016170485920E+002  -0.3002785799394E-011
    -2       2    1   1   0.695034800E-09                0.580000000000       9.99963031981         1   0   1 0.1448803209855E-004   0.8016168712878E+002   0.3353776494436E-011
    -2       2    1   1   0.695034800E-09                0.590000000000       9.99963031968         1   0   1 0.1448803209855E-004   0.8016171507535E+002  -0.4571851373034E-011
    -2       2    1   1   0.695034800E-09                0.600000000000       9.99963031972         1   0   1 0.1448803209855E-004   0.8016170597795E+002  -0.1034628457982E-011
    -2       2    1   1   0.695034800E-09                0.610000000000       9.99963031995         1   0   1 0.1448803305643E-004   0.8016165074200E+002  -0.2970747304426E-011
    -2       2    1   1   0.695034800E-09                0.620000000000       9.99963031981         1   0   1 0.1448803281696E-004   0.8016168197291E+002   0.3679568736131E-011
    -2       2    1   1   0.695034800E-09                0.630000000000       9.99963032013         1   0   1 0.1448803209855E-004   0.8016161637970E+002  -0.3832643124875E-011
    -2       2    1   1   0.695034800E-09                0.640000000000       9.99963032016         1   0   1 0.1448803257749E-004   0.8016160926090E+002   0.7163252895643E-011
    -2       2    1   1   0.695034800E-09                0.650000000000       9.99963032017         1   0   1 0.1448803305643E-004   0.8016160416958E+002   0.7093153943593E-011
    -2       2    1   1   0.695034800E-09                0.660000000000       9.99963032034         1   0   1 0.1448803161961E-004   0.8016157551509E+002  -0.2345033191731E-011
    -2       2    1   1   0.695034800E-09                0.670000000000       9.99963032017         1   0   1 0.1448803209855E-004   0.8016160970600E+002   0.4716638261937E-011
    -2       2    1   1   0.695034800E-09                0.680000000000       9.99963032043         1   0   1 0.1448803185908E-004   0.8016155408984E+002   0.8070473354089E-011
    -2       2    1   1   0.695034800E-09                0.690000000000       9.99963032046         1   0   1 0.1448803281696E-004   0.8016154157105E+002   0.7055853826415E-011
    -2       2    1   1   0.695034800E-09                0.700000000000       9.99963032053         1   0   1 0.1448803209855E-004   0.8016153162891E+002   0.3727509661128E-011
    -2       2    1   1   0.695034800E-09                0.710000000000       9.99963032060         1   0   1 0.1448803209855E-004   0.8016151521609E+002  -0.3353747262276E-011
    -2       2    1   1   0.695034800E-09                0.720000000000       9.99963032059         1   0   1 0.1448803329590E-004   0.8016151119755E+002  -0.3271312300481E-011
    -2       2    1   1   0.695034800E-09                0.730000000000       9.99963032065         1   0   1 0.1448803305643E-004   0.8016149874723E+002   0.8780901826697E-012
    -2       2    1   1   0.695034800E-09                0.740000000000       9.99963032082         1   0   1 0.1448803185908E-004   0.8016146893771E+002   0.3158374172550E-011
    -2       2    1   1   0.695034800E-09                0.750000000000       9.99963032082         1   0   1 0.1448803209855E-004   0.8016146784010E+002   0.1017947125829E-010
    -2       2    1   1   0.695034800E-09                0.760000000000       9.99963032087         1   0   1 0.1448803257749E-004   0.8016145352779E+002   0.2505006027467E-011
    -2       2    1   1   0.695034800E-09                0.770000000000       9.99963032098         1   0   1 0.1448803233802E-004   0.8016143274071E+002  -0.7478463391034E-012
    -2       2    1   1   0.695034800E-09                0.780000000000       9.99963032094         1   0   1 0.1448803353537E-004   0.8016143321343E+002   0.9684160577401E-011
    -2       2    1   1   0.695034800E-09                0.790000000000       9.99963032111         1   0   1 0.1448803209855E-004   0.8016140385259E+002  -0.3153565430011E-012
    -2       2    1   1   0.695034800E-09                0.800000000000       9.99963032120         1   0   1 0.1448803209855E-004   0.8016138481307E+002   0.6568510219426E-011
    -2       2    1   1   0.695034800E-09                0.810000000000       9.99963032118         1   0   1 0.1448803281696E-004   0.8016138546194E+002   0.2923347408301E-011
    -2       2    1   1   0.695034800E-09                0.820000000000       9.99963032128         1   0   1 0.1448803233802E-004   0.8016136740437E+002  -0.2344623825215E-011
    -2       2    1   1   0.695034800E-09                0.830000000000       9.99963032135         1   0   1 0.1448803209855E-004   0.8016135373272E+002   0.3314780792882E-012
    -2       2    1   1   0.695034800E-09                0.840000000000       9.99963032145         1   0   1 0.1448803161961E-004   0.8016133402295E+002   0.4286048685566E-011
    -2       2    1   1   0.695034800E-09                0.850000000000       9.99963032145         1   0   1 0.1448803257749E-004   0.8016132866951E+002   0.2501249695021E-011
    -2       2    1   1   0.695034800E-09                0.860000000000       9.99963032152         1   0   1 0.1448803257749E-004   0.8016131345650E+002   0.6853625866255E-012
    -2       2    1   1   0.695034800E-09                0.870000000000       9.99963032161         1   0   1 0.1448803233802E-004   0.8016129530189E+002  -0.3027092439368E-011
    -2       2    1   1   0.695034800E-09                0.880000000000       9.99963032162         1   0   1 0.1448803305643E-004   0.8016128979285E+002  -0.1078244231149E-010
    -2       2    1   1   0.695034800E-09                0.890000000000       9.99963032174         1   0   1 0.1448803233802E-004   0.8016126659028E+002  -0.9245079724434E-011
    -2       2    1   1   0.695034800E-09                0.900000000000       9.99963032182         1   0   1 0.1448803233802E-004   0.8016125003310E+002   0.9822151787142E-012
    -2       2    1   1   0.695034800E-09                0.910000000000       9.99963032184         1   0   1 0.1448803257749E-004   0.8016124398339E+002   0.4856923237629E-013
    -2       2    1   1   0.695034800E-09                0.920000000000       9.99963032191         1   0   1 0.1448803233802E-004   0.8016123073504E+002  -0.1017377081892E-010
    -2       2    1   1   0.695034800E-09                0.930000000000       9.99963032202         1   0   1 0.1448803185908E-004   0.8016120849760E+002  -0.7413042062902E-011
    -2       2    1   1   0.695034800E-09                0.940000000000       9.99963032208         1   0   1 0.1448803233802E-004   0.8016119247425E+002  -0.4539111278712E-011
    -2       2    1   1   0.695034800E-09                0.950000000000       9.99963032209         1   0   1 0.1448803281696E-004   0.8016118805591E+002  -0.4720160503172E-011
    -2       2    1   1   0.695034800E-09                0.960000000000       9.99963032221         1   0   1 0.1448803209855E-004   0.8016116656323E+002  -0.9034783717590E-012
    -2       2    1   1   0.695034800E-09                0.970000000000       9.99963032221         1   0   1 0.1448803281696E-004   0.8016116211742E+002  -0.6554229984224E-011
    -2       2    1   1   0.695034800E-09                0.980000000000       9.99963032235         1   0   1 0.1448803209855E-004   0.8016113497208E+002   0.2032263617376E-011
    -2       2    1   1   0.695034800E-09                0.990000000000       9.99963032220         1   0   1 0.1448803257749E-004   0.8016116619870E+002   0.4691454600935E-011
    -2       2    1   1   0.695034800E-09                 1.00000000000       9.99963032244         1   0   1 0.1448803233802E-004   0.8016111505923E+002   0.6138022712475E-012
    -2       2    1   1   0.695034800E-09                 1.01000000000       9.99963032248         1   0   1 0.1448803305643E-004   0.8016110353839E+002  -0.8995217394194E-011
    -2       2    1   1   0.695034800E-09                 1.02000000000       9.99963032262         1   0   1 0.1448803209855E-004   0.8016107699169E+002  -0.1566390682095E-011
    -2       2    1   1   0.695034800E-09                 1.03000000000       9.99963032258         1   0   1 0.1448803377484E-004   0.8016107694489E+002  -0.8516964248411E-011
    -2       2    1   1   0.695034800E-09                 1.04000000000       9.99963032255         1   0   1 0.1448803233802E-004   0.8016109039744E+002  -0.8970399736732E-011
    -2       2    1   1   0.695034800E-09                 1.05000000000       9.99963032258         1   0   1 0.1448803233802E-004   0.8016108529287E+002  -0.3208551070098E-011
    -2       2    1   1   0.695034800E-09                 1.06000000000       9.99963032284         1   0   1 0.1448803305643E-004   0.8016102356451E+002  -0.7144777934891E-012
    -2       2    1   1   0.695034800E-09                 1.07000000000       9.99963032299         1   0   1 0.1448803161961E-004   0.8016100044738E+002  -0.6101892065777E-011
    -2       2    1   1   0.695034800E-09                 1.08000000000       9.99963032298         1   0   1 0.1448803281696E-004   0.8016099617686E+002  -0.9051898698469E-011
    -2       2    1   1   0.695034800E-09                 1.09000000000       9.99963032304         1   0   1 0.1448803305643E-004   0.8016098039308E+002   0.1567749873887E-011
    -2       2    1   1   0.695034800E-09                 1.10000000000       9.99963032297         1   0   1 0.1448803209855E-004   0.8016100180056E+002   0.4495920837212E-011
    -2       2    1   1   0.695034800E-09                 1.11000000000       9.99963032323         1   0   1 0.1448803209855E-004   0.8016094415939E+002  -0.7912780333113E-011
    -2       2    1   1   0.695034800E-09                 1.12000000000       9.99963032329         1   0   1 0.1448803233802E-004   0.8016093008389E+002   0.1174518940657E-011
    -2       2    1   1   0.695034800E-09                 1.13000000000       9.99963032312         1   0   1 0.1448803305643E-004   0.8016096323279E+002   0.5727792916676E-011
    -2       2    1   1   0.695034800E-09                 1.14000000000       9.99963032341         1   0   1 0.1448803233802E-004   0.8016090521164E+002  -0.6663836183319E-011
    -2       2    1   1   0.695034800E-09                 1.15000000000       9.99963032345         1   0   1 0.1448803329590E-004   0.8016089126322E+002  -0.2568863551682E-011
    -2       2    1   1   0.695034800E-09                 1.16000000000       9.99963032353         1   0   1 0.1448803281696E-004   0.8016087557833E+002   0.1540885546014E-011
    -2       2    1   1   0.695034800E-09                 1.17000000000       9.99963032367         1   0   1 0.1448803185908E-004   0.8016085121294E+002   0.2905720608756E-011
    -2       2    1   1   0.695034800E-09                 1.18000000000       9.99963032371         1   0   1 0.1448803233802E-004   0.8016083891585E+002   0.1788730462139E-011
    -2       2    1   1   0.695034800E-09                 1.19000000000       9.99963032367         1   0   1 0.1448803114068E-004   0.8016085568363E+002   0.5072657074997E-011
    -2       2    1   1   0.695034800E-09                 1.20000000000       9.99963032384         1   0   1 0.1448803281696E-004   0.8016080983894E+002  -0.3084138896877E-012
    -2       2    1   1   0.695034800E-09                 1.21000000000       9.99963032396         1   0   1 0.1448803185908E-004   0.8016078890612E+002   0.4532753433841E-011
    -2       2    1   1   0.695034800E-09                 1.22000000000       9.99963032401         1   0   1 0.1448803209855E-004   0.8016077707707E+002   0.5399282280331E-011
    -2       2    1   1   0.695034800E-09                 1.23000000000       9.99963032410         1   0   1 0.1448803209855E-004   0.8016075635513E+002  -0.2364063250425E-011
    -2       2    1   1   0.695034800E-09                 1.24000000000       9.99963032414         1   0   1 0.1448803233802E-004   0.8016074740061E+002  -0.6881878861792E-011
    -2       2    1   1   0.695034800E-09                 1.25000000000       9.99963032421         1   0   1 0.1448803209855E-004   0.8016073204081E+002  -0.1557372560709E-011
    -2       2    1   1   0.695034800E-09                 1.26000000000       9.99963032428         1   0   1 0.1448803257749E-004   0.8016071431371E+002  -0.1794708409113E-011
    -2       2    1   1   0.695034800E-09                 1.27000000000       9.99963032434         1   0   1 0.1448803281696E-004   0.8016070125324E+002   0.4799218876202E-011
    -2       2    1   1   0.695034800E-09                 1.28000000000       9.99963032442         1   0   1 0.1448803305643E-004   0.8016068280536E+002   0.3954730980004E-011
    -2       2    1   1   0.695034800E-09                 1.29000000000       9.99963032448         1   0   1 0.1448803305643E-004   0.8016066956874E+002   0.2892522049209E-011
    -2       2    1   1   0.695034800E-09                 1.30000000000       9.99963032457         1   0   1 0.1448803257749E-004   0.8016065101056E+002   0.8641026235588E-013
    -2       2    1   1   0.695034800E-09                 1.31000000000       9.99963032449         1   0   1 0.1448803209855E-004   0.8016067280268E+002   0.1420419890709E-011
    -2       2    1   1   0.695034800E-09                 1.32000000000       9.99963032472         1   0   1 0.1448803257749E-004   0.8016062014638E+002   0.6191488230049E-011
    -2       2    1   1   0.695034800E-09                 1.33000000000       9.99963032482         1   0   1 0.1448803233802E-004   0.8016059806506E+002   0.1222547378884E-011
    -2       2    1   1   0.695034800E-09                 1.34000000000       9.99963032495         1   0   1 0.1448803185908E-004   0.8016057304265E+002   0.3356889774971E-011
    -2       2    1   1   0.695034800E-09                 1.35000000000       9.99963032498         1   0   1 0.1448803257749E-004   0.8016056297057E+002   0.2483257301083E-011
    -2       2    1   1   0.695034800E-09                 1.36000000000       9.99963032500         1   0   1 0.1448803305643E-004   0.8016055527532E+002   0.7978435237169E-011
    -2       2    1   1   0.695034800E-09                 1.37000000000       9.99963032511         1   0   1 0.1448803281696E-004   0.8016053369956E+002  -0.2775447301682E-011
    -2       2    1   1   0.695034800E-09                 1.38000000000       9.99963032517         1   0   1 0.1448803305643E-004   0.8016051915798E+002  -0.3295341188553E-011
    -2       2    1   1   0.695034800E-09                 1.39000000000       9.99963032533         1   0   1 0.1448803185908E-004   0.8016049170443E+002   0.1077468206396E-011
    -2       2    1   1   0.695034800E-09                 1.40000000000       9.99963032534         1   0   1 0.1448803257749E-004   0.8016048513427E+002  -0.3927881372587E-011
    -2       2    1   1   0.695034800E-09                 1.41000000000       9.99963032542         1   0   1 0.1448803257749E-004   0.8016046837030E+002   0.1461520259475E-011
    -2       2    1   1   0.695034800E-09                 1.42000000000       9.99963032551         1   0   1 0.1448803281696E-004   0.8016044783414E+002   0.8562990845284E-011
    -2       2    1   1   0.695034800E-09                 1.43000000000       9.99963032559         1   0   1 0.1448803257749E-004   0.8016043036018E+002   0.7782989285047E-011
    -2       2    1   1   0.695034800E-09                 1.44000000000       9.99963032572         1   0   1 0.1448803209855E-004   0.8016040485384E+002   0.4836767823808E-011
    -2       2    1   1   0.695034800E-09                 1.45000000000       9.99963032580         1   0   1 0.1448803209855E-004   0.8016038784358E+002   0.5261262636488E-011
    -2       2    1   1   0.695034800E-09                 1.46000000000       9.99963032590         1   0   1 0.1448803185908E-004   0.8016036841091E+002   0.6805056971317E-011
    -2       2    1   1   0.695034800E-09                 1.47000000000       9.99963032594         1   0   1 0.1448803233802E-004   0.8016035577601E+002   0.2760188206120E-011
    -2       2    1   1   0.695034800E-09                 1.48000000000       9.99963032599         1   0   1 0.1448803281696E-004   0.8016034379497E+002   0.1667110007004E-012
    -2       2    1   1   0.695034800E-09                 1.49000000000       9.99963032613         1   0   1 0.1448803233802E-004   0.8016031504187E+002  -0.3607058485876E-011
    -2       2    1   1   0.695034800E-09                 1.50000000000       9.99963032613         1   0   1 0.1448803329590E-004   0.8016030988059E+002  -0.3661298515950E-011
    -2       2    1   1   0.695034800E-09                 1.51000000000       9.99963032637         1   0   1 0.1448803138014E-004   0.8016026854285E+002   0.7000547276540E-011
    -2       2    1   1   0.695034800E-09                 1.52000000000       9.99963032635         1   0   1 0.1448803281696E-004   0.8016026560705E+002   0.5134277878487E-011
    -2       2    1   1   0.695034800E-09                 1.53000000000       9.99963032648         1   0   1 0.1448803233802E-004   0.8016024006642E+002  -0.6889289214252E-012
    -2       2    1   1   0.695034800E-09                 1.54000000000       9.99963032658         1   0   1 0.1448803209855E-004   0.8016021796795E+002   0.7742283759415E-012
    -2       2    1   1   0.695034800E-09                 1.55000000000       9.99963032665         1   0   1 0.1448803257749E-004   0.8016019999124E+002   0.3351028560611E-011
    -2       2    1   1   0.695034800E-09                 1.56000000000       9.99963032670         1   0   1 0.1448803305643E-004   0.8016018701948E+002  -0.1475887816892E-011
    -2       2    1   1   0.695034800E-09                 1.57000000000       9.99963032685         1   0   1 0.1448803233802E-004   0.8016015896580E+002  -0.2044234153142E-011
    -2       2    1   1   0.695034800E-09                 1.58000000000       9.99963032695         1   0   1 0.1448803257749E-004   0.8016013495775E+002   0.2512109442133E-011
    -2       2    1   1   0.695034800E-09                 1.59000000000       9.99963032706         1   0   1 0.1448803209855E-004   0.8016011449129E+002  -0.3073440079217E-011
    -2       2    1   1   0.695034800E-09                 1.60000000000       9.99963032715         1   0   1 0.1448803281696E-004   0.8016009023214E+002   0.2220387073505E-011
    -2       2    1   1   0.695034800E-09                 1.61000000000       9.99963032732         1   0   1 0.1448803209855E-004   0.8016005725225E+002  -0.7200611833033E-011
    -2       2    1   1   0.695034800E-09                 1.62000000000       9.99963032707         1   0   1 0.1448803497219E-004   0.8016009769255E+002   0.7697454715167E-011
    -2       2    2   1   0.695034800E-09                 1.63000000000       9.99957217750         1   0   1 0.1448803185908E-004   0.8015996793387E+002  -0.1691814669637E-004

  TOTAL CPU =    52.72 SECS   LAST CYCLE =    0.31 SECS   NUSED =    1669
